Label 6:
x, y
414 618
414 620
414 642
414 643
414 667
414 668
415 541
415 629
415 651
416 524
416 642
417 515
417 644
418 505
418 518
418 519
418 520
418 548
418 549
418 590
418 645
419 496
419 526
419 586
419 588
419 617
419 647
420 487
420 550
420 585
420 649
420 804
420 828
420 830
421 477
421 545
421 582
421 583
421 650
421 651
421 818
421 820
422 468
422 505
422 540
422 541
422 543
422 577
422 580
422 615
422 616
422 652
423 714
423 715
423 716
423 717
423 718
423 795
423 797
423 822
424 695
424 696
424 697
424 698
424 726
424 727
424 728
424 729
424 730
424 779
424 781
425 704
425 705
425 706
425 707
425 708
425 737
425 738
425 739
425 740
425 741
425 765
425 766
425 768
426 349
426 350
426 351
426 352
426 353
426 354
426 355
426 356
426 357
426 358
426 359
426 360
426 361
426 362
426 363
426 364
426 365
426 366
426 367
426 368
426 369
426 370
426 371
426 372
426 373
426 374
426 375
426 376
426 377
426 378
426 379
426 714
426 715
426 716
426 717
426 749
426 750
426 751
426 752
426 753
427 377
427 378
427 379
427 723
427 724
427 725
427 726
427 727
427 761
427 762
427 763
427 764
427 765
427 766
427 767
427 768
428 372
428 373
428 374
428 375
428 376
428 733
428 734
428 735
428 736
428 737
428 775
428 776
428 777
428 778
428 779
428 780
428 781
428 782
428 783
428 784
428 785
429 742
429 743
429 744
429 745
429 746
429 791
429 792
429 793
430 631
430 632
430 633
430 634
430 635
430 636
430 637
430 638
430 639
430 640
430 641
430 642
430 643
430 644
430 645
430 646
430 647
430 648
430 649
430 650
430 651
430 652
430 653
430 654
430 655
430 656
430 657
430 658
430 659
430 660
430 661
430 662
430 663
430 664
430 665
430 666
430 667
430 668
430 669
430 670
430 671
430 672
430 673
430 674
430 675
430 676
430 677
430 678
430 679
430 680
430 752
430 753
430 754
430 755
430 756
432 492
432 493
432 548
432 549
432 550
432 553
432 554
432 608
432 609
432 612
432 613
432 668
432 669
432 701
432 702
432 703
432 704
432 705
432 706
432 707
432 708
432 709
432 710
432 711
432 712
432 713
432 714
432 715
432 716
432 717
432 718
432 719
432 720
432 721
432 722
432 723
432 724
432 725
432 726
432 727
432 728
432 729
432 730
432 731
432 732
432 733
432 734
432 735
432 736
432 737
432 738
432 739
432 740
432 741
432 742
432 743
432 744
432 745
432 746
432 747
432 748
433 545
433 546
433 610
433 611
433 612
433 731
433 732
434 542
434 543
434 609
434 610
434 611
434 734
434 735
435 538
435 539
435 608
435 609
435 610
435 737
435 738
436 535
436 536
436 607
436 608
436 609
436 740
436 741
436 742
437 395
437 531
437 532
437 533
437 606
437 607
437 608
437 744
437 745
438 458
438 459
438 460
438 528
438 529
438 533
438 534
438 535
438 600
438 601
438 602
438 605
438 606
438 607
438 675
438 676
438 747
438 748
438 749
439 378
439 379
439 380
439 453
439 454
439 524
439 525
439 526
439 530
439 531
439 599
439 600
439 604
439 605
439 606
439 676
439 677
439 678
439 750
439 751
439 752
440 370
440 371
440 372
440 521
440 522
440 523
440 603
440 604
440 605
440 754
440 755
441 363
441 364
441 517
441 518
441 519
441 602
441 603
441 604
441 757
441 758
441 759
442 355
442 356
442 357
442 514
442 515
442 516
442 601
442 602
442 603
442 760
442 761
442 762
443 347
443 348
443 349
443 511
443 512
443 513
443 600
443 601
443 602
443 763
443 764
443 765
444 339
444 340
444 341
444 507
444 508
444 509
444 599
444 600
444 601
444 767
444 768
444 769
445 332
445 333
445 334
445 504
445 505
445 506
445 598
445 599
445 600
445 770
445 771
445 772
446 324
446 325
446 326
446 500
446 501
446 502
446 503
446 597
446 598
446 599
446 773
446 774
446 775
447 316
447 317
447 318
447 408
447 409
447 410
447 497
447 498
447 499
447 503
447 504
447 505
447 506
447 589
447 590
447 591
447 596
447 597
447 598
447 684
447 685
447 686
447 687
447 776
447 777
447 778
447 779
448 308
448 309
448 310
448 311
448 402
448 403
448 404
448 405
448 493
448 494
448 495
448 496
448 500
448 501
448 502
448 503
448 588
448 589
448 590
448 594
448 595
448 596
448 597
448 685
448 686
448 687
448 688
448 780
448 781
448 782
449 300
449 301
449 302
449 303
449 397
449 398
449 399
449 490
449 491
449 492
449 497
449 498
449 499
449 587
449 588
449 589
449 593
449 594
449 595
449 596
449 636
449 637
449 638
449 639
449 640
449 687
449 688
449 689
449 726
449 727
449 728
449 729
449 730
449 731
449 732
449 783
449 784
449 785
450 293
450 294
450 295
450 391
450 392
450 393
450 394
450 487
450 488
450 489
450 494
450 495
450 496
450 585
450 586
450 587
450 588
450 592
450 593
450 594
450 595
450 629
450 630
450 631
450 632
450 633
450 634
450 635
450 636
450 637
450 638
450 639
450 640
450 641
450 642
450 643
450 644
450 645
450 646
450 647
450 688
450 689
450 690
450 722
450 723
450 724
450 725
450 726
450 727
450 728
450 729
450 730
450 731
450 732
450 733
450 734
450 735
450 736
450 737
450 738
450 739
450 740
450 741
450 742
450 786
450 787
450 788
450 789
451 285
451 286
451 287
451 483
451 484
451 485
451 486
451 591
451 592
451 593
451 594
451 635
451 636
451 637
451 638
451 639
451 640
451 641
451 642
451 730
451 731
451 732
451 733
451 734
451 735
451 736
451 737
451 738
451 754
451 755
451 756
451 757
451 758
451 759
451 760
451 761
451 762
451 763
451 790
451 791
451 792
452 277
452 278
452 279
452 280
452 480
452 481
452 482
452 590
452 591
452 592
452 593
452 635
452 636
452 637
452 638
452 639
452 640
452 641
452 642
452 733
452 734
452 735
452 736
452 737
452 738
452 739
452 740
452 741
452 742
452 743
452 744
452 745
452 746
452 747
452 748
452 749
452 750
452 751
452 752
452 753
452 754
452 755
452 756
452 757
452 758
452 759
452 760
452 761
452 762
452 763
452 764
452 765
452 766
452 767
452 768
452 769
452 770
452 771
452 772
452 773
452 793
452 794
452 795
452 796
453 269
453 270
453 271
453 272
453 476
453 477
453 478
453 479
453 589
453 590
453 591
453 592
453 636
453 637
453 638
453 639
453 640
453 641
453 642
453 643
453 735
453 736
453 737
453 738
453 739
453 740
453 741
453 742
453 743
453 796
453 797
453 798
453 799
454 262
454 263
454 264
454 473
454 474
454 475
454 476
454 588
454 589
454 590
454 591
454 636
454 637
454 638
454 639
454 640
454 641
454 642
454 643
454 737
454 738
454 739
454 740
454 741
454 742
454 743
454 744
454 745
454 799
454 800
454 801
454 802
455 254
455 255
455 256
455 257
455 469
455 470
455 471
455 472
455 587
455 588
455 589
455 590
455 803
455 804
455 805
455 806
456 246
456 247
456 248
456 249
456 466
456 467
456 468
456 469
456 586
456 587
456 588
456 589
456 806
456 807
456 808
456 809
457 238
457 239
457 240
457 241
457 463
457 464
457 465
457 466
457 585
457 586
457 587
457 588
457 809
457 810
457 811
457 812
458 230
458 231
458 232
458 233
458 234
458 459
458 460
458 461
458 462
458 584
458 585
458 586
458 587
458 813
458 814
458 815
458 816
459 223
459 224
459 225
459 226
459 456
459 457
459 458
459 459
459 583
459 584
459 585
459 586
459 816
459 817
459 818
459 819
460 215
460 216
460 217
460 218
460 452
460 453
460 454
460 455
460 456
460 582
460 583
460 584
460 585
460 819
460 820
460 821
460 822
461 207
461 208
461 209
461 210
461 449
461 450
461 451
461 452
461 581
461 582
461 583
461 584
461 822
461 823
461 824
461 825
461 826
462 199
462 200
462 201
462 202
462 203
462 445
462 446
462 447
462 448
462 449
462 580
462 581
462 582
462 583
462 826
462 827
462 828
462 829
463 191
463 192
463 193
463 194
463 195
463 442
463 443
463 444
463 445
463 578
463 579
463 580
463 581
463 582
463 829
463 830
463 831
463 832
464 184
464 185
464 186
464 187
464 438
464 439
464 440
464 441
464 442
464 577
464 578
464 579
464 580
464 581
464 832
464 833
464 834
464 835
464 836
465 176
465 177
465 178
465 179
465 180
465 308
465 309
465 310
465 311
465 312
465 435
465 436
465 437
465 438
465 439
465 444
465 445
465 446
465 447
465 448
465 567
465 568
465 569
465 570
465 571
465 576
465 577
465 578
465 579
465 580
465 704
465 705
465 706
465 707
465 835
465 836
465 837
465 838
465 839
466 168
466 169
466 170
466 171
466 172
466 302
466 303
466 304
466 305
466 306
466 432
466 433
466 434
466 435
466 441
466 442
466 443
466 444
466 445
466 566
466 567
466 568
466 569
466 570
466 575
466 576
466 577
466 578
466 579
466 705
466 706
466 707
466 708
466 839
466 840
466 841
466 842
466 843
467 160
467 161
467 162
467 163
467 164
467 297
467 298
467 299
467 300
467 301
467 428
467 429
467 430
467 431
467 432
467 438
467 439
467 440
467 441
467 442
467 564
467 565
467 566
467 567
467 568
467 574
467 575
467 576
467 577
467 578
467 706
467 707
467 708
467 709
467 710
467 842
467 843
467 844
467 845
467 846
468 153
468 154
468 155
468 156
468 157
468 291
468 292
468 293
468 294
468 295
468 425
468 426
468 427
468 428
468 429
468 435
468 436
468 437
468 438
468 439
468 563
468 564
468 565
468 566
468 567
468 573
468 574
468 575
468 576
468 577
468 707
468 708
468 709
468 710
468 711
468 845
468 846
468 847
468 848
468 849
469 145
469 146
469 147
469 148
469 149
469 286
469 287
469 288
469 289
469 290
469 421
469 422
469 423
469 424
469 425
469 431
469 432
469 433
469 434
469 435
469 562
469 563
469 564
469 565
469 566
469 572
469 573
469 574
469 575
469 576
469 708
469 709
469 710
469 711
469 712
469 849
469 850
469 851
469 852
469 853
470 137
470 138
470 139
470 140
470 141
470 280
470 281
470 282
470 283
470 284
470 418
470 419
470 420
470 421
470 422
470 428
470 429
470 430
470 431
470 432
470 561
470 562
470 563
470 564
470 565
470 571
470 572
470 573
470 574
470 575
470 709
470 710
470 711
470 712
470 713
470 852
470 853
470 854
470 855
470 856
471 129
471 130
471 131
471 132
471 133
471 274
471 275
471 276
471 277
471 278
471 279
471 414
471 415
471 416
471 417
471 418
471 419
471 425
471 426
471 427
471 428
471 429
471 560
471 561
471 562
471 563
471 564
471 570
471 571
471 572
471 573
471 574
471 710
471 711
471 712
471 713
471 714
471 855
471 856
471 857
471 858
471 859
472 121
472 122
472 123
472 124
472 125
472 126
472 269
472 270
472 271
472 272
472 273
472 411
472 412
472 413
472 414
472 415
472 422
472 423
472 424
472 425
472 426
472 558
472 559
472 560
472 561
472 562
472 563
472 569
472 570
472 571
472 572
472 573
472 711
472 712
472 713
472 714
472 715
472 858
472 859
472 860
472 861
472 862
472 863
473 114
473 115
473 116
473 117
473 118
473 263
473 264
473 265
473 266
473 267
473 268
473 408
473 409
473 410
473 411
473 412
473 568
473 569
473 570
473 571
473 572
473 862
473 863
473 864
473 865
473 866
474 106
474 107
474 108
474 109
474 110
474 404
474 405
474 406
474 407
474 408
474 409
474 567
474 568
474 569
474 570
474 571
474 865
474 866
474 867
474 868
474 869
475 98
475 99
475 100
475 101
475 102
475 103
475 401
475 402
475 403
475 404
475 405
475 566
475 567
475 568
475 569
475 570
475 868
475 869
475 870
475 871
475 872
475 873
476 90
476 91
476 92
476 93
476 94
476 95
476 397
476 398
476 399
476 400
476 401
476 402
476 565
476 566
476 567
476 568
476 569
476 872
476 873
476 874
476 875
476 876
477 83
477 84
477 85
477 86
477 87
477 394
477 395
477 396
477 397
477 398
477 564
477 565
477 566
477 567
477 568
477 875
477 876
477 877
477 878
477 879
478 75
478 76
478 77
478 78
478 79
478 80
478 390
478 391
478 392
478 393
478 394
478 395
478 563
478 564
478 565
478 566
478 567
478 878
478 879
478 880
478 881
478 882
478 883
479 67
479 68
479 69
479 70
479 71
479 72
479 387
479 388
479 389
479 390
479 391
479 392
479 561
479 562
479 563
479 564
479 565
479 566
479 881
479 882
479 883
479 884
479 885
479 886
480 59
480 60
480 61
480 62
480 63
480 64
480 384
480 385
480 386
480 387
480 388
480 560
480 561
480 562
480 563
480 564
480 565
480 885
480 886
480 887
480 888
480 889
480 890
481 51
481 52
481 53
481 54
481 55
481 56
481 380
481 381
481 382
481 383
481 384
481 385
481 559
481 560
481 561
481 562
481 563
481 564
481 888
481 889
481 890
481 891
481 892
481 893
482 44
482 45
482 46
482 47
482 48
482 49
482 377
482 378
482 379
482 380
482 381
482 382
482 558
482 559
482 560
482 561
482 562
482 563
482 891
482 892
482 893
482 894
482 895
482 896
483 36
483 37
483 38
483 39
483 40
483 41
483 373
483 374
483 375
483 376
483 377
483 378
483 557
483 558
483 559
483 560
483 561
483 562
483 894
483 895
483 896
483 897
483 898
483 899
483 900
484 28
484 29
484 30
484 31
484 32
484 33
484 370
484 371
484 372
484 373
484 374
484 375
484 556
484 557
484 558
484 559
484 560
484 561
484 898
484 899
484 900
484 901
484 902
484 903
485 20
485 21
485 22
485 23
485 24
485 25
485 26
485 366
485 367
485 368
485 369
485 370
485 371
485 372
485 555
485 556
485 557
485 558
485 559
485 560
485 901
485 902
485 903
485 904
485 905
485 906
486 13
486 14
486 15
486 16
486 17
486 18
486 363
486 364
486 365
486 366
486 367
486 368
486 554
486 555
486 556
486 557
486 558
486 559
486 904
486 905
486 906
486 907
486 908
486 909
486 910
487 5
487 6
487 7
487 8
487 9
487 10
487 359
487 360
487 361
487 362
487 363
487 364
487 365
487 553
487 554
487 555
487 556
487 557
487 558
487 908
487 909
487 910
487 911
487 912
487 913
488 0
488 1
488 2
488 3
488 356
488 357
488 358
488 359
488 360
488 361
488 362
488 552
488 553
488 554
488 555
488 556
488 557
488 911
488 912
488 913
488 914
488 915
488 916
489 353
489 354
489 355
489 356
489 357
489 358
489 551
489 552
489 553
489 554
489 555
489 556
489 914
489 915
489 916
489 917
489 918
489 919
489 920
490 349
490 350
490 351
490 352
490 353
490 354
490 355
490 550
490 551
490 552
490 553
490 554
490 555
490 917
490 918
490 919
490 920
490 921
490 922
490 923
491 346
491 347
491 348
491 349
491 350
491 351
491 549
491 550
491 551
491 552
491 553
491 554
491 921
491 922
491 923
491 924
491 925
491 926
492 342
492 343
492 344
492 345
492 346
492 347
492 348
492 548
492 549
492 550
492 551
492 552
492 553
492 924
492 925
492 926
492 927
492 928
492 929
492 930
493 339
493 340
493 341
493 342
493 343
493 344
493 345
493 547
493 548
493 549
493 550
493 551
493 552
493 927
493 928
493 929
493 930
493 931
493 932
493 933
494 335
494 336
494 337
494 338
494 339
494 340
494 341
494 545
494 546
494 547
494 548
494 549
494 550
494 551
494 931
494 932
494 933
494 934
494 935
494 936
494 937
495 332
495 333
495 334
495 335
495 336
495 337
495 338
495 544
495 545
495 546
495 547
495 548
495 549
495 550
495 934
495 935
495 936
495 937
495 938
495 939
495 940
496 329
496 330
496 331
496 332
496 333
496 334
496 335
496 543
496 544
496 545
496 546
496 547
496 548
496 549
496 937
496 938
496 939
496 940
496 941
496 942
496 943
497 325
497 326
497 327
497 328
497 329
497 330
497 331
497 542
497 543
497 544
497 545
497 546
497 547
497 548
497 940
497 941
497 942
497 943
497 944
497 945
497 946
497 947
498 322
498 323
498 324
498 325
498 326
498 327
498 328
498 541
498 542
498 543
498 544
498 545
498 546
498 547
498 548
498 944
498 945
498 946
498 947
498 948
498 949
498 950
499 318
499 319
499 320
499 321
499 322
499 323
499 324
499 325
499 540
499 541
499 542
499 543
499 544
499 545
499 546
499 547
499 947
499 948
499 949
499 950
499 951
499 952
499 953
500 0
500 1
500 2
500 3
500 4
500 5
500 6
500 7
500 8
500 9
500 10
500 207
500 208
500 209
500 210
500 211
500 212
500 213
500 214
500 215
500 216
500 217
500 218
500 219
500 220
500 221
500 222
500 223
500 224
500 225
500 315
500 316
500 317
500 318
500 319
500 320
500 321
500 539
500 540
500 541
500 542
500 543
500 544
500 545
500 546
500 950
500 951
500 952
500 953
500 954
500 955
500 956
500 957
501 0
501 1
501 2
501 3
501 4
501 203
501 204
501 205
501 206
501 207
501 208
501 209
501 210
501 211
501 212
501 213
501 214
501 215
501 216
501 217
501 218
501 219
501 220
501 221
501 222
501 311
501 312
501 313
501 314
501 315
501 316
501 317
501 318
501 538
501 539
501 540
501 541
501 542
501 543
501 544
501 545
501 953
501 954
501 955
501 956
501 957
501 958
501 959
501 960
502 198
502 199
502 200
502 201
502 202
502 203
502 204
502 205
502 206
502 207
502 208
502 209
502 210
502 211
502 212
502 213
502 214
502 215
502 216
502 217
502 218
502 308
502 309
502 310
502 311
502 312
502 313
502 314
502 315
502 537
502 538
502 539
502 540
502 541
502 542
502 543
502 544
502 957
502 958
502 959
502 960
502 961
502 962
502 963
503 194
503 195
503 196
503 197
503 198
503 199
503 200
503 201
503 202
503 203
503 204
503 205
503 206
503 207
503 208
503 209
503 210
503 211
503 212
503 213
503 305
503 306
503 307
503 308
503 309
503 310
503 311
503 536
503 537
503 538
503 539
503 540
503 541
503 542
503 543
503 960
503 961
503 962
503 963
503 964
503 965
503 966
503 967
504 189
504 190
504 191
504 192
504 193
504 194
504 195
504 196
504 197
504 198
504 199
504 200
504 201
504 202
504 203
504 204
504 205
504 206
504 207
504 208
504 209
504 301
504 302
504 303
504 304
504 305
504 306
504 307
504 308
504 535
504 536
504 537
504 538
504 539
504 540
504 541
504 542
504 963
504 964
504 965
504 966
504 967
504 968
504 969
504 970
505 185
505 186
505 187
505 188
505 189
505 190
505 191
505 192
505 193
505 194
505 195
505 196
505 197
505 198
505 199
505 200
505 201
505 202
505 203
505 204
505 205
505 298
505 299
505 300
505 301
505 302
505 303
505 304
505 305
505 534
505 535
505 536
505 537
505 538
505 539
505 540
505 541
505 967
505 968
505 969
505 970
505 971
505 972
505 973
506 181
506 182
506 183
506 184
506 185
506 186
506 187
506 188
506 189
506 190
506 191
506 192
506 193
506 194
506 195
506 196
506 197
506 198
506 199
506 200
506 201
506 294
506 295
506 296
506 297
506 298
506 299
506 300
506 301
506 533
506 534
506 535
506 536
506 537
506 538
506 539
506 540
506 970
506 971
506 972
506 973
506 974
506 975
506 976
506 977
507 176
507 177
507 178
507 179
507 180
507 181
507 182
507 183
507 184
507 185
507 186
507 187
507 188
507 189
507 190
507 191
507 192
507 193
507 194
507 195
507 196
507 197
507 291
507 292
507 293
507 294
507 295
507 296
507 297
507 298
507 532
507 533
507 534
507 535
507 536
507 537
507 538
507 539
507 973
507 974
507 975
507 976
507 977
507 978
507 979
507 980
508 172
508 173
508 174
508 175
508 176
508 177
508 178
508 179
508 180
508 181
508 182
508 183
508 184
508 185
508 186
508 187
508 188
508 189
508 190
508 191
508 192
508 287
508 288
508 289
508 290
508 291
508 292
508 293
508 294
508 531
508 532
508 533
508 534
508 535
508 536
508 537
508 538
508 976
508 977
508 978
508 979
508 980
508 981
508 982
508 983
509 167
509 168
509 169
509 170
509 171
509 172
509 173
509 174
509 175
509 176
509 177
509 178
509 179
509 180
509 181
509 182
509 183
509 184
509 185
509 186
509 187
509 188
509 284
509 285
509 286
509 287
509 288
509 289
509 290
509 291
509 300
509 301
509 302
509 303
509 304
509 305
509 306
509 307
509 513
509 514
509 515
509 516
509 517
509 518
509 519
509 520
509 529
509 530
509 531
509 532
509 533
509 534
509 535
509 536
509 537
509 750
509 751
509 752
509 753
509 754
509 755
509 756
509 757
509 758
509 980
509 981
509 982
509 983
509 984
509 985
509 986
509 987
510 57
510 58
510 59
510 60
510 61
510 62
510 63
510 64
510 65
510 163
510 164
510 165
510 166
510 167
510 168
510 169
510 170
510 171
510 172
510 173
510 174
510 175
510 176
510 177
510 178
510 179
510 180
510 181
510 182
510 183
510 184
510 280
510 281
510 282
510 283
510 284
510 285
510 286
510 287
510 288
510 297
510 298
510 299
510 300
510 301
510 302
510 303
510 304
510 512
510 513
510 514
510 515
510 516
510 517
510 518
510 519
510 528
510 529
510 530
510 531
510 532
510 533
510 534
510 535
510 536
510 752
510 753
510 754
510 755
510 756
510 757
510 758
510 759
510 983
510 984
510 985
510 986
510 987
510 988
510 989
510 990
511 52
511 53
511 54
511 55
511 56
511 57
511 58
511 59
511 159
511 160
511 161
511 162
511 163
511 164
511 165
511 166
511 167
511 168
511 169
511 170
511 171
511 172
511 173
511 174
511 175
511 176
511 177
511 178
511 179
511 180
511 277
511 278
511 279
511 280
511 281
511 282
511 283
511 284
511 294
511 295
511 296
511 297
511 298
511 299
511 300
511 301
511 511
511 512
511 513
511 514
511 515
511 516
511 517
511 518
511 527
511 528
511 529
511 530
511 531
511 532
511 533
511 534
511 535
511 753
511 754
511 755
511 756
511 757
511 758
511 759
511 760
511 986
511 987
511 988
511 989
511 990
511 991
511 992
511 993
511 994
512 46
512 47
512 48
512 49
512 50
512 51
512 52
512 53
512 54
512 154
512 155
512 156
512 157
512 158
512 159
512 160
512 161
512 162
512 163
512 164
512 165
512 166
512 167
512 168
512 169
512 170
512 171
512 172
512 173
512 174
512 175
512 176
512 274
512 275
512 276
512 277
512 278
512 279
512 280
512 281
512 290
512 291
512 292
512 293
512 294
512 295
512 296
512 297
512 298
512 509
512 510
512 511
512 512
512 513
512 514
512 515
512 516
512 517
512 526
512 527
512 528
512 529
512 530
512 531
512 532
512 533
512 534
512 754
512 755
512 756
512 757
512 758
512 759
512 760
512 761
512 989
512 990
512 991
512 992
512 993
512 994
512 995
512 996
512 997
513 41
513 42
513 43
513 44
513 45
513 46
513 47
513 48
513 150
513 151
513 152
513 153
513 154
513 155
513 156
513 157
513 158
513 159
513 160
513 161
513 162
513 163
513 164
513 165
513 166
513 167
513 168
513 169
513 170
513 171
513 270
513 271
513 272
513 273
513 274
513 275
513 276
513 277
513 278
513 287
513 288
513 289
513 290
513 291
513 292
513 293
513 294
513 295
513 508
513 509
513 510
513 511
513 512
513 513
513 514
513 515
513 516
513 525
513 526
513 527
513 528
513 529
513 530
513 531
513 532
513 533
513 755
513 756
513 757
513 758
513 759
513 760
513 761
513 762
513 993
513 994
513 995
513 996
513 997
513 998
513 999
513 1000
514 35
514 36
514 37
514 38
514 39
514 40
514 41
514 42
514 43
514 145
514 146
514 147
514 148
514 149
514 150
514 151
514 152
514 153
514 154
514 155
514 156
514 157
514 158
514 159
514 160
514 161
514 162
514 163
514 164
514 165
514 166
514 167
514 267
514 268
514 269
514 270
514 271
514 272
514 273
514 274
514 284
514 285
514 286
514 287
514 288
514 289
514 290
514 291
514 507
514 508
514 509
514 510
514 511
514 512
514 513
514 514
514 515
514 524
514 525
514 526
514 527
514 528
514 529
514 530
514 531
514 532
514 756
514 757
514 758
514 759
514 760
514 761
514 762
514 763
514 996
514 997
514 998
514 999
514 1000
514 1001
514 1002
514 1003
514 1004
515 29
515 30
515 31
515 32
515 33
515 34
515 35
515 36
515 37
515 141
515 142
515 143
515 144
515 145
515 146
515 147
515 148
515 149
515 150
515 151
515 152
515 153
515 154
515 155
515 156
515 157
515 158
515 159
515 160
515 161
515 162
515 163
515 263
515 264
515 265
515 266
515 267
515 268
515 269
515 270
515 271
515 281
515 282
515 283
515 284
515 285
515 286
515 287
515 288
515 506
515 507
515 508
515 509
515 510
515 511
515 512
515 513
515 523
515 524
515 525
515 526
515 527
515 528
515 529
515 530
515 531
515 757
515 758
515 759
515 760
515 761
515 762
515 763
515 764
515 765
515 999
515 1000
515 1001
515 1002
515 1003
515 1004
515 1005
515 1006
515 1007
516 24
516 25
516 26
516 27
516 28
516 29
516 30
516 31
516 32
516 137
516 138
516 139
516 140
516 141
516 142
516 143
516 144
516 145
516 146
516 147
516 148
516 149
516 150
516 151
516 152
516 153
516 154
516 155
516 156
516 157
516 158
516 159
516 260
516 261
516 262
516 263
516 264
516 265
516 266
516 267
516 268
516 277
516 278
516 279
516 280
516 281
516 282
516 283
516 284
516 285
516 505
516 506
516 507
516 508
516 509
516 510
516 511
516 512
516 522
516 523
516 524
516 525
516 526
516 527
516 528
516 529
516 530
516 758
516 759
516 760
516 761
516 762
516 763
516 764
516 765
516 766
516 1003
516 1004
516 1005
516 1006
516 1007
516 1008
516 1009
516 1010
517 18
517 19
517 20
517 21
517 22
517 23
517 24
517 25
517 26
517 132
517 133
517 134
517 135
517 136
517 137
517 138
517 139
517 140
517 141
517 142
517 143
517 144
517 145
517 146
517 147
517 148
517 149
517 150
517 151
517 152
517 153
517 154
517 155
517 256
517 257
517 258
517 259
517 260
517 261
517 262
517 263
517 264
517 274
517 275
517 276
517 277
517 278
517 279
517 280
517 281
517 282
517 503
517 504
517 505
517 506
517 507
517 508
517 509
517 510
517 511
517 521
517 522
517 523
517 524
517 525
517 526
517 527
517 528
517 529
517 759
517 760
517 761
517 762
517 763
517 764
517 765
517 766
517 767
517 1006
517 1007
517 1008
517 1009
517 1010
517 1011
517 1012
517 1013
517 1014
518 13
518 14
518 15
518 16
518 17
518 18
518 19
518 20
518 21
518 128
518 129
518 130
518 131
518 132
518 133
518 134
518 135
518 136
518 137
518 138
518 139
518 140
518 141
518 142
518 143
518 144
518 145
518 146
518 147
518 148
518 149
518 150
518 151
518 253
518 254
518 255
518 256
518 257
518 258
518 259
518 260
518 261
518 271
518 272
518 273
518 274
518 275
518 276
518 277
518 278
518 279
518 502
518 503
518 504
518 505
518 506
518 507
518 508
518 509
518 510
518 520
518 521
518 522
518 523
518 524
518 525
518 526
518 527
518 528
518 760
518 761
518 762
518 763
518 764
518 765
518 766
518 767
518 768
518 1009
518 1010
518 1011
518 1012
518 1013
518 1014
518 1015
518 1016
518 1017
519 7
519 8
519 9
519 10
519 11
519 12
519 13
519 14
519 15
519 123
519 124
519 125
519 126
519 127
519 128
519 129
519 130
519 131
519 132
519 133
519 134
519 135
519 136
519 137
519 138
519 139
519 140
519 141
519 142
519 143
519 144
519 145
519 146
519 250
519 251
519 252
519 253
519 254
519 255
519 256
519 257
519 258
519 267
519 268
519 269
519 270
519 271
519 272
519 273
519 274
519 275
519 501
519 502
519 503
519 504
519 505
519 506
519 507
519 508
519 509
519 519
519 520
519 521
519 522
519 523
519 524
519 525
519 526
519 527
519 761
519 762
519 763
519 764
519 765
519 766
519 767
519 768
519 769
519 1012
519 1013
519 1014
519 1015
519 1016
519 1017
519 1018
519 1019
519 1020
520 2
520 3
520 4
520 5
520 6
520 7
520 8
520 9
520 10
520 119
520 120
520 121
520 122
520 123
520 124
520 125
520 126
520 127
520 128
520 129
520 130
520 131
520 132
520 133
520 134
520 135
520 136
520 137
520 138
520 139
520 140
520 141
520 142
520 246
520 247
520 248
520 249
520 250
520 251
520 252
520 253
520 254
520 264
520 265
520 266
520 267
520 268
520 269
520 270
520 271
520 272
520 500
520 501
520 502
520 503
520 504
520 505
520 506
520 507
520 508
520 518
520 519
520 520
520 521
520 522
520 523
520 524
520 525
520 526
520 762
520 763
520 764
520 765
520 766
520 767
520 768
520 769
520 770
520 1016
520 1017
520 1018
520 1019
520 1020
520 1021
520 1022
520 1023
520 1024
521 0
521 1
521 2
521 3
521 4
521 115
521 116
521 117
521 118
521 119
521 120
521 121
521 122
521 123
521 124
521 125
521 126
521 127
521 128
521 129
521 130
521 131
521 132
521 133
521 134
521 135
521 136
521 137
521 138
521 243
521 244
521 245
521 246
521 247
521 248
521 249
521 250
521 251
521 261
521 262
521 263
521 264
521 265
521 266
521 267
521 268
521 269
521 498
521 499
521 500
521 501
521 502
521 503
521 504
521 505
521 506
521 507
521 517
521 518
521 519
521 520
521 521
521 522
521 523
521 524
521 525
521 763
521 764
521 765
521 766
521 767
521 768
521 769
521 770
521 771
521 1019
521 1020
521 1021
521 1022
521 1023
521 1024
521 1025
521 1026
521 1027
522 110
522 111
522 112
522 113
522 114
522 115
522 116
522 117
522 118
522 119
522 120
522 121
522 122
522 123
522 124
522 125
522 126
522 127
522 128
522 129
522 130
522 131
522 132
522 133
522 134
522 239
522 240
522 241
522 242
522 243
522 244
522 245
522 246
522 247
522 258
522 259
522 260
522 261
522 262
522 263
522 264
522 265
522 266
522 497
522 498
522 499
522 500
522 501
522 502
522 503
522 504
522 505
522 516
522 517
522 518
522 519
522 520
522 521
522 522
522 523
522 524
522 764
522 765
522 766
522 767
522 768
522 769
522 770
522 771
522 772
522 773
522 1022
522 1023
522 1024
522 1025
522 1026
522 1027
522 1028
522 1029
522 1030
523 106
523 107
523 108
523 109
523 110
523 111
523 112
523 113
523 114
523 115
523 116
523 117
523 118
523 119
523 120
523 121
523 122
523 123
523 124
523 125
523 126
523 127
523 128
523 129
523 130
523 236
523 237
523 238
523 239
523 240
523 241
523 242
523 243
523 244
523 254
523 255
523 256
523 257
523 258
523 259
523 260
523 261
523 262
523 263
523 496
523 497
523 498
523 499
523 500
523 501
523 502
523 503
523 504
523 515
523 516
523 517
523 518
523 519
523 520
523 521
523 522
523 523
523 765
523 766
523 767
523 768
523 769
523 770
523 771
523 772
523 773
523 774
523 1026
523 1027
523 1028
523 1029
523 1030
523 1031
523 1032
523 1033
523 1034
524 101
524 102
524 103
524 104
524 105
524 106
524 107
524 108
524 109
524 110
524 111
524 112
524 113
524 114
524 115
524 116
524 117
524 118
524 119
524 120
524 121
524 122
524 123
524 124
524 125
524 232
524 233
524 234
524 235
524 236
524 237
524 238
524 239
524 240
524 241
524 251
524 252
524 253
524 254
524 255
524 256
524 257
524 258
524 259
524 495
524 496
524 497
524 498
524 499
524 500
524 501
524 502
524 503
524 513
524 514
524 515
524 516
524 517
524 518
524 519
524 520
524 521
524 522
524 766
524 767
524 768
524 769
524 770
524 771
524 772
524 773
524 774
524 775
524 1029
524 1030
524 1031
524 1032
524 1033
524 1034
524 1035
524 1036
524 1037
525 75
525 76
525 77
525 78
525 79
525 80
525 81
525 82
525 83
525 84
525 85
525 86
525 97
525 98
525 99
525 100
525 101
525 102
525 103
525 104
525 105
525 106
525 107
525 108
525 109
525 110
525 111
525 112
525 113
525 114
525 115
525 116
525 117
525 118
525 119
525 120
525 121
525 125
525 126
525 127
525 128
525 129
525 130
525 131
525 132
525 133
525 134
525 135
525 136
525 137
525 138
525 139
525 140
525 141
525 142
525 143
525 229
525 230
525 231
525 232
525 233
525 234
525 235
525 236
525 237
525 248
525 249
525 250
525 251
525 252
525 253
525 254
525 255
525 256
525 494
525 495
525 496
525 497
525 498
525 499
525 500
525 501
525 502
525 512
525 513
525 514
525 515
525 516
525 517
525 518
525 519
525 520
525 521
525 768
525 769
525 770
525 771
525 772
525 773
525 774
525 775
525 776
525 1032
525 1033
525 1034
525 1035
525 1036
525 1037
525 1038
525 1039
525 1040
525 1041
526 73
526 74
526 75
526 76
526 77
526 78
526 79
526 80
526 81
526 82
526 83
526 84
526 85
526 86
526 87
526 88
526 89
526 90
526 91
526 92
526 93
526 94
526 95
526 96
526 97
526 98
526 99
526 100
526 101
526 102
526 103
526 104
526 105
526 106
526 107
526 108
526 109
526 110
526 111
526 112
526 113
526 114
526 115
526 116
526 117
526 118
526 119
526 120
526 121
526 122
526 123
526 124
526 125
526 126
526 127
526 128
526 129
526 130
526 131
526 132
526 133
526 134
526 135
526 136
526 137
526 225
526 226
526 227
526 228
526 229
526 230
526 231
526 232
526 233
526 234
526 245
526 246
526 247
526 248
526 249
526 250
526 251
526 252
526 253
526 492
526 493
526 494
526 495
526 496
526 497
526 498
526 499
526 500
526 501
526 511
526 512
526 513
526 514
526 515
526 516
526 517
526 518
526 519
526 520
526 769
526 770
526 771
526 772
526 773
526 774
526 775
526 776
526 777
526 1035
526 1036
526 1037
526 1038
526 1039
526 1040
526 1041
526 1042
526 1043
526 1044
527 71
527 72
527 73
527 74
527 75
527 76
527 77
527 78
527 79
527 80
527 81
527 82
527 83
527 84
527 85
527 86
527 87
527 88
527 89
527 90
527 91
527 92
527 93
527 94
527 95
527 96
527 97
527 98
527 99
527 100
527 101
527 102
527 103
527 104
527 105
527 106
527 107
527 108
527 109
527 110
527 111
527 112
527 113
527 114
527 115
527 116
527 117
527 118
527 119
527 120
527 121
527 122
527 123
527 124
527 125
527 126
527 127
527 128
527 129
527 130
527 131
527 222
527 223
527 224
527 225
527 226
527 227
527 228
527 229
527 230
527 231
527 241
527 242
527 243
527 244
527 245
527 246
527 247
527 248
527 249
527 250
527 491
527 492
527 493
527 494
527 495
527 496
527 497
527 498
527 499
527 500
527 510
527 511
527 512
527 513
527 514
527 515
527 516
527 517
527 518
527 519
527 770
527 771
527 772
527 773
527 774
527 775
527 776
527 777
527 778
527 1039
527 1040
527 1041
527 1042
527 1043
527 1044
527 1045
527 1046
527 1047
528 69
528 70
528 71
528 72
528 73
528 74
528 75
528 76
528 77
528 78
528 79
528 80
528 81
528 82
528 83
528 84
528 85
528 86
528 87
528 88
528 89
528 90
528 91
528 92
528 93
528 94
528 95
528 96
528 97
528 98
528 99
528 100
528 101
528 102
528 103
528 104
528 105
528 106
528 107
528 108
528 109
528 110
528 111
528 112
528 113
528 114
528 115
528 116
528 117
528 118
528 119
528 120
528 121
528 122
528 123
528 124
528 219
528 220
528 221
528 222
528 223
528 224
528 225
528 226
528 227
528 238
528 239
528 240
528 241
528 242
528 243
528 244
528 245
528 246
528 247
528 490
528 491
528 492
528 493
528 494
528 495
528 496
528 497
528 498
528 499
528 509
528 510
528 511
528 512
528 513
528 514
528 515
528 516
528 517
528 518
528 771
528 772
528 773
528 774
528 775
528 776
528 777
528 778
528 779
528 1042
528 1043
528 1044
528 1045
528 1046
528 1047
528 1048
528 1049
528 1050
528 1051
529 67
529 68
529 69
529 70
529 71
529 72
529 73
529 74
529 75
529 76
529 77
529 78
529 79
529 80
529 81
529 82
529 83
529 84
529 85
529 86
529 87
529 88
529 89
529 90
529 91
529 92
529 93
529 94
529 95
529 96
529 97
529 98
529 99
529 100
529 101
529 102
529 103
529 104
529 105
529 106
529 107
529 108
529 109
529 110
529 111
529 112
529 113
529 114
529 115
529 116
529 117
529 118
529 215
529 216
529 217
529 218
529 219
529 220
529 221
529 222
529 223
529 224
529 235
529 236
529 237
529 238
529 239
529 240
529 241
529 242
529 243
529 489
529 490
529 491
529 492
529 493
529 494
529 495
529 496
529 497
529 508
529 509
529 510
529 511
529 512
529 513
529 514
529 515
529 516
529 517
529 772
529 773
529 774
529 775
529 776
529 777
529 778
529 779
529 780
529 781
529 1045
529 1046
529 1047
529 1048
529 1049
529 1050
529 1051
529 1052
529 1053
529 1054
530 65
530 66
530 67
530 68
530 69
530 70
530 71
530 72
530 73
530 74
530 75
530 76
530 77
530 78
530 79
530 80
530 81
530 82
530 83
530 84
530 85
530 86
530 87
530 88
530 89
530 90
530 91
530 92
530 93
530 94
530 95
530 96
530 97
530 98
530 99
530 100
530 101
530 102
530 103
530 104
530 105
530 106
530 107
530 108
530 109
530 110
530 111
530 212
530 213
530 214
530 215
530 216
530 217
530 218
530 219
530 220
530 221
530 231
530 232
530 233
530 234
530 235
530 236
530 237
530 238
530 239
530 240
530 487
530 488
530 489
530 490
530 491
530 492
530 493
530 494
530 495
530 496
530 507
530 508
530 509
530 510
530 511
530 512
530 513
530 514
530 515
530 516
530 773
530 774
530 775
530 776
530 777
530 778
530 779
530 780
530 781
530 782
530 1048
530 1049
530 1050
530 1051
530 1052
530 1053
530 1054
530 1055
530 1056
530 1057
531 63
531 64
531 65
531 66
531 67
531 68
531 69
531 70
531 71
531 72
531 73
531 74
531 75
531 76
531 77
531 78
531 79
531 80
531 81
531 82
531 83
531 84
531 85
531 86
531 87
531 88
531 89
531 90
531 91
531 92
531 93
531 94
531 95
531 96
531 97
531 98
531 99
531 100
531 101
531 102
531 103
531 104
531 105
531 208
531 209
531 210
531 211
531 212
531 213
531 214
531 215
531 216
531 217
531 228
531 229
531 230
531 231
531 232
531 233
531 234
531 235
531 236
531 237
531 486
531 487
531 488
531 489
531 490
531 491
531 492
531 493
531 494
531 495
531 506
531 507
531 508
531 509
531 510
531 511
531 512
531 513
531 514
531 515
531 774
531 775
531 776
531 777
531 778
531 779
531 780
531 781
531 782
531 783
531 1052
531 1053
531 1054
531 1055
531 1056
531 1057
531 1058
531 1059
531 1060
531 1061
532 60
532 61
532 62
532 63
532 64
532 65
532 66
532 67
532 68
532 69
532 70
532 71
532 72
532 73
532 74
532 75
532 76
532 77
532 78
532 79
532 80
532 81
532 82
532 83
532 84
532 85
532 86
532 87
532 88
532 89
532 90
532 91
532 92
532 93
532 94
532 95
532 96
532 97
532 98
532 99
532 205
532 206
532 207
532 208
532 209
532 210
532 211
532 212
532 213
532 214
532 225
532 226
532 227
532 228
532 229
532 230
532 231
532 232
532 233
532 234
532 485
532 486
532 487
532 488
532 489
532 490
532 491
532 492
532 493
532 494
532 505
532 506
532 507
532 508
532 509
532 510
532 511
532 512
532 513
532 514
532 775
532 776
532 777
532 778
532 779
532 780
532 781
532 782
532 783
532 784
532 1055
532 1056
532 1057
532 1058
532 1059
532 1060
532 1061
532 1062
532 1063
532 1064
533 58
533 59
533 60
533 61
533 62
533 63
533 64
533 65
533 66
533 67
533 68
533 69
533 70
533 71
533 72
533 73
533 74
533 75
533 76
533 77
533 78
533 79
533 80
533 81
533 82
533 83
533 84
533 85
533 86
533 87
533 88
533 89
533 90
533 91
533 92
533 201
533 202
533 203
533 204
533 205
533 206
533 207
533 208
533 209
533 210
533 211
533 222
533 223
533 224
533 225
533 226
533 227
533 228
533 229
533 230
533 231
533 484
533 485
533 486
533 487
533 488
533 489
533 490
533 491
533 492
533 493
533 504
533 505
533 506
533 507
533 508
533 509
533 510
533 511
533 512
533 513
533 776
533 777
533 778
533 779
533 780
533 781
533 782
533 783
533 784
533 785
533 1058
533 1059
533 1060
533 1061
533 1062
533 1063
533 1064
533 1065
533 1066
533 1067
534 56
534 57
534 58
534 59
534 60
534 61
534 62
534 63
534 64
534 65
534 66
534 67
534 68
534 69
534 70
534 71
534 72
534 73
534 74
534 75
534 76
534 77
534 78
534 79
534 80
534 81
534 82
534 83
534 84
534 85
534 86
534 198
534 199
534 200
534 201
534 202
534 203
534 204
534 205
534 206
534 207
534 218
534 219
534 220
534 221
534 222
534 223
534 224
534 225
534 226
534 227
534 482
534 483
534 484
534 485
534 486
534 487
534 488
534 489
534 490
534 491
534 492
534 503
534 504
534 505
534 506
534 507
534 508
534 509
534 510
534 511
534 512
534 777
534 778
534 779
534 780
534 781
534 782
534 783
534 784
534 785
534 786
534 1062
534 1063
534 1064
534 1065
534 1066
534 1067
534 1068
534 1069
534 1070
534 1071
535 54
535 55
535 56
535 57
535 58
535 59
535 60
535 61
535 62
535 63
535 64
535 65
535 66
535 67
535 68
535 69
535 70
535 71
535 72
535 73
535 74
535 75
535 76
535 77
535 78
535 79
535 195
535 196
535 197
535 198
535 199
535 200
535 201
535 202
535 203
535 204
535 215
535 216
535 217
535 218
535 219
535 220
535 221
535 222
535 223
535 224
535 481
535 482
535 483
535 484
535 485
535 486
535 487
535 488
535 489
535 490
535 502
535 503
535 504
535 505
535 506
535 507
535 508
535 509
535 510
535 511
535 778
535 779
535 780
535 781
535 782
535 783
535 784
535 785
535 786
535 787
535 1065
535 1066
535 1067
535 1068
535 1069
535 1070
535 1071
535 1072
535 1073
535 1074
536 52
536 53
536 54
536 55
536 56
536 57
536 58
536 59
536 60
536 61
536 62
536 63
536 64
536 65
536 66
536 67
536 68
536 69
536 70
536 71
536 72
536 73
536 191
536 192
536 193
536 194
536 195
536 196
536 197
536 198
536 199
536 200
536 212
536 213
536 214
536 215
536 216
536 217
536 218
536 219
536 220
536 221
536 480
536 481
536 482
536 483
536 484
536 485
536 486
536 487
536 488
536 489
536 501
536 502
536 503
536 504
536 505
536 506
536 507
536 508
536 509
536 510
536 779
536 780
536 781
536 782
536 783
536 784
536 785
536 786
536 787
536 788
536 789
536 1068
536 1069
536 1070
536 1071
536 1072
536 1073
536 1074
536 1075
536 1076
536 1077
537 50
537 51
537 52
537 53
537 54
537 55
537 56
537 57
537 58
537 59
537 60
537 61
537 62
537 63
537 64
537 65
537 66
537 67
537 188
537 189
537 190
537 191
537 192
537 193
537 194
537 195
537 196
537 197
537 208
537 209
537 210
537 211
537 212
537 213
537 214
537 215
537 216
537 217
537 218
537 500
537 501
537 502
537 503
537 504
537 505
537 506
537 507
537 508
537 509
537 1071
537 1072
537 1073
537 1074
537 1075
537 1076
537 1077
537 1078
537 1079
537 1080
537 1081
538 48
538 49
538 50
538 51
538 52
538 53
538 54
538 55
538 56
538 57
538 58
538 59
538 60
538 184
538 185
538 186
538 187
538 188
538 189
538 190
538 191
538 192
538 193
538 194
538 499
538 500
538 501
538 502
538 503
538 504
538 505
538 506
538 507
538 508
538 1075
538 1076
538 1077
538 1078
538 1079
538 1080
538 1081
538 1082
538 1083
538 1084
539 45
539 46
539 47
539 48
539 49
539 50
539 51
539 52
539 53
539 54
539 181
539 182
539 183
539 184
539 185
539 186
539 187
539 188
539 189
539 190
539 497
539 498
539 499
539 500
539 501
539 502
539 503
539 504
539 505
539 506
539 507
539 1078
539 1079
539 1080
539 1081
539 1082
539 1083
539 1084
539 1085
539 1086
539 1087
539 1088
540 43
540 44
540 45
540 46
540 47
540 177
540 178
540 179
540 180
540 181
540 182
540 183
540 184
540 185
540 186
540 187
540 496
540 497
540 498
540 499
540 500
540 501
540 502
540 503
540 504
540 505
540 506
540 1081
540 1082
540 1083
540 1084
540 1085
540 1086
540 1087
540 1088
540 1089
540 1090
540 1091
541 174
541 175
541 176
541 177
541 178
541 179
541 180
541 181
541 182
541 183
541 184
541 495
541 496
541 497
541 498
541 499
541 500
541 501
541 502
541 503
541 504
541 505
541 1085
541 1086
541 1087
541 1088
541 1089
541 1090
541 1091
541 1092
541 1093
541 1094
542 171
542 172
542 173
542 174
542 175
542 176
542 177
542 178
542 179
542 180
542 494
542 495
542 496
542 497
542 498
542 499
542 500
542 501
542 502
542 503
542 504
542 1088
542 1089
542 1090
542 1091
542 1092
542 1093
542 1094
542 1095
542 1096
542 1097
542 1098
543 167
543 168
543 169
543 170
543 171
543 172
543 173
543 174
543 175
543 176
543 177
543 493
543 494
543 495
543 496
543 497
543 498
543 499
543 500
543 501
543 502
543 503
543 1091
543 1092
543 1093
543 1094
543 1095
543 1096
543 1097
543 1098
543 1099
543 1100
543 1101
544 164
544 165
544 166
544 167
544 168
544 169
544 170
544 171
544 172
544 173
544 174
544 492
544 493
544 494
544 495
544 496
544 497
544 498
544 499
544 500
544 501
544 502
544 1094
544 1095
544 1096
544 1097
544 1098
544 1099
544 1100
544 1101
544 1102
544 1103
544 1104
545 160
545 161
545 162
545 163
545 164
545 165
545 166
545 167
545 168
545 169
545 170
545 491
545 492
545 493
545 494
545 495
545 496
545 497
545 498
545 499
545 500
545 501
545 1098
545 1099
545 1100
545 1101
545 1102
545 1103
545 1104
545 1105
545 1106
545 1107
545 1108
546 157
546 158
546 159
546 160
546 161
546 162
546 163
546 164
546 165
546 166
546 167
546 490
546 491
546 492
546 493
546 494
546 495
546 496
546 497
546 498
546 499
546 500
546 1101
546 1102
546 1103
546 1104
546 1105
546 1106
546 1107
546 1108
546 1109
546 1110
546 1111
547 153
547 154
547 155
547 156
547 157
547 158
547 159
547 160
547 161
547 162
547 163
547 164
547 489
547 490
547 491
547 492
547 493
547 494
547 495
547 496
547 497
547 498
547 499
547 1104
547 1105
547 1106
547 1107
547 1108
547 1109
547 1110
547 1111
547 1112
547 1113
547 1114
548 150
548 151
548 152
548 153
548 154
548 155
548 156
548 157
548 158
548 159
548 160
548 488
548 489
548 490
548 491
548 492
548 493
548 494
548 495
548 496
548 497
548 498
548 1107
548 1108
548 1109
548 1110
548 1111
548 1112
548 1113
548 1114
548 1115
548 1116
548 1117
548 1118
549 146
549 147
549 148
549 149
549 150
549 151
549 152
549 153
549 154
549 155
549 156
549 157
549 487
549 488
549 489
549 490
549 491
549 492
549 493
549 494
549 495
549 496
549 497
549 1111
549 1112
549 1113
549 1114
549 1115
549 1116
549 1117
549 1118
549 1119
549 1120
549 1121
550 143
550 144
550 145
550 146
550 147
550 148
550 149
550 150
550 151
550 152
550 153
550 486
550 487
550 488
550 489
550 490
550 491
550 492
550 493
550 494
550 495
550 496
550 1114
550 1115
550 1116
550 1117
550 1118
550 1119
550 1120
550 1121
550 1122
550 1123
550 1124
551 140
551 141
551 142
551 143
551 144
551 145
551 146
551 147
551 148
551 149
551 150
551 485
551 486
551 487
551 488
551 489
551 490
551 491
551 492
551 493
551 494
551 495
551 1117
551 1118
551 1119
551 1120
551 1121
551 1122
551 1123
551 1124
551 1125
551 1126
551 1127
551 1128
552 136
552 137
552 138
552 139
552 140
552 141
552 142
552 143
552 144
552 145
552 146
552 147
552 484
552 485
552 486
552 487
552 488
552 489
552 490
552 491
552 492
552 493
552 494
552 1121
552 1122
552 1123
552 1124
552 1125
552 1126
552 1127
552 1128
552 1129
552 1130
552 1131
553 133
553 134
553 135
553 136
553 137
553 138
553 139
553 140
553 141
553 142
553 143
553 483
553 484
553 485
553 486
553 487
553 488
553 489
553 490
553 491
553 492
553 493
553 1124
553 1125
553 1126
553 1127
553 1128
553 1129
553 1130
553 1131
553 1132
553 1133
553 1134
553 1135
554 129
554 130
554 131
554 132
554 133
554 134
554 135
554 136
554 137
554 138
554 139
554 140
554 481
554 482
554 483
554 484
554 485
554 486
554 487
554 488
554 489
554 490
554 491
554 492
554 1127
554 1128
554 1129
554 1130
554 1131
554 1132
554 1133
554 1134
554 1135
554 1136
554 1137
554 1138
555 126
555 127
555 128
555 129
555 130
555 131
555 132
555 133
555 134
555 135
555 136
555 137
555 480
555 481
555 482
555 483
555 484
555 485
555 486
555 487
555 488
555 489
555 490
555 491
555 1130
555 1131
555 1132
555 1133
555 1134
555 1135
555 1136
555 1137
555 1138
555 1139
555 1140
555 1141
556 122
556 123
556 124
556 125
556 126
556 127
556 128
556 129
556 130
556 131
556 132
556 133
556 479
556 480
556 481
556 482
556 483
556 484
556 485
556 486
556 487
556 488
556 489
556 490
556 1134
556 1135
556 1136
556 1137
556 1138
556 1139
556 1140
556 1141
556 1142
556 1143
556 1144
556 1145
557 119
557 120
557 121
557 122
557 123
557 124
557 125
557 126
557 127
557 128
557 129
557 130
557 478
557 479
557 480
557 481
557 482
557 483
557 484
557 485
557 486
557 487
557 488
557 489
557 1137
557 1138
557 1139
557 1140
557 1141
557 1142
557 1143
557 1144
557 1145
557 1146
557 1147
557 1148
558 116
558 117
558 118
558 119
558 120
558 121
558 122
558 123
558 124
558 125
558 126
558 127
558 477
558 478
558 479
558 480
558 481
558 482
558 483
558 484
558 485
558 486
558 487
558 488
558 1140
558 1141
558 1142
558 1143
558 1144
558 1145
558 1146
558 1147
558 1148
558 1149
558 1150
558 1151
559 112
559 113
559 114
559 115
559 116
559 117
559 118
559 119
559 120
559 121
559 122
559 123
559 476
559 477
559 478
559 479
559 480
559 481
559 482
559 483
559 484
559 485
559 486
559 487
559 1144
559 1145
559 1146
559 1147
559 1148
559 1149
559 1150
559 1151
559 1152
559 1153
559 1154
559 1155
560 109
560 110
560 111
560 112
560 113
560 114
560 115
560 116
560 117
560 118
560 119
560 120
560 475
560 476
560 477
560 478
560 479
560 480
560 481
560 482
560 483
560 484
560 485
560 486
560 1147
560 1148
560 1149
560 1150
560 1151
560 1152
560 1153
560 1154
560 1155
560 1156
560 1157
560 1158
561 105
561 106
561 107
561 108
561 109
561 110
561 111
561 112
561 113
561 114
561 115
561 116
561 117
561 474
561 475
561 476
561 477
561 478
561 479
561 480
561 481
561 482
561 483
561 484
561 485
561 1150
561 1151
561 1152
561 1153
561 1154
561 1155
561 1156
561 1157
561 1158
561 1159
561 1160
561 1161
562 102
562 103
562 104
562 105
562 106
562 107
562 108
562 109
562 110
562 111
562 112
562 113
562 473
562 474
562 475
562 476
562 477
562 478
562 479
562 480
562 481
562 482
562 483
562 484
562 1153
562 1154
562 1155
562 1156
562 1157
562 1158
562 1159
562 1160
562 1161
562 1162
562 1163
562 1164
562 1165
563 98
563 99
563 100
563 101
563 102
563 103
563 104
563 105
563 106
563 107
563 108
563 109
563 110
563 472
563 473
563 474
563 475
563 476
563 477
563 478
563 479
563 480
563 481
563 482
563 483
563 1157
563 1158
563 1159
563 1160
563 1161
563 1162
563 1163
563 1164
563 1165
563 1166
563 1167
563 1168
564 95
564 96
564 97
564 98
564 99
564 100
564 101
564 102
564 103
564 104
564 105
564 106
564 471
564 472
564 473
564 474
564 475
564 476
564 477
564 478
564 479
564 480
564 481
564 482
564 1160
564 1161
564 1162
564 1163
564 1164
564 1165
564 1166
564 1167
564 1168
564 1169
564 1170
564 1171
565 92
565 93
565 94
565 95
565 96
565 97
565 98
565 99
565 100
565 101
565 102
565 103
565 470
565 471
565 472
565 473
565 474
565 475
565 476
565 477
565 478
565 479
565 480
565 481
565 1163
565 1164
565 1165
565 1166
565 1167
565 1168
565 1169
565 1170
565 1171
565 1172
565 1173
565 1174
565 1175
566 88
566 89
566 90
566 91
566 92
566 93
566 94
566 95
566 96
566 97
566 98
566 99
566 100
566 469
566 470
566 471
566 472
566 473
566 474
566 475
566 476
566 477
566 478
566 479
566 480
566 1166
566 1167
566 1168
566 1169
566 1170
566 1171
566 1172
566 1173
566 1174
566 1175
566 1176
566 1177
566 1178
567 85
567 86
567 87
567 88
567 89
567 90
567 91
567 92
567 93
567 94
567 95
567 96
567 468
567 469
567 470
567 471
567 472
567 473
567 474
567 475
567 476
567 477
567 478
567 479
567 1170
567 1171
567 1172
567 1173
567 1174
567 1175
567 1176
567 1177
567 1178
567 1179
567 1180
567 1181
567 1182
568 81
568 82
568 83
568 84
568 85
568 86
568 87
568 88
568 89
568 90
568 91
568 92
568 93
568 467
568 468
568 469
568 470
568 471
568 472
568 473
568 474
568 475
568 476
568 477
568 478
568 1173
568 1174
568 1175
568 1176
568 1177
568 1178
568 1179
568 1180
568 1181
568 1182
568 1183
568 1184
568 1185
569 78
569 79
569 80
569 81
569 82
569 83
569 84
569 85
569 86
569 87
569 88
569 89
569 90
569 465
569 466
569 467
569 468
569 469
569 470
569 471
569 472
569 473
569 474
569 475
569 476
569 477
569 1176
569 1177
569 1178
569 1179
569 1180
569 1181
569 1182
569 1183
569 1184
569 1185
569 1186
569 1187
569 1188
570 74
570 75
570 76
570 77
570 78
570 79
570 80
570 81
570 82
570 83
570 84
570 85
570 86
570 464
570 465
570 466
570 467
570 468
570 469
570 470
570 471
570 472
570 473
570 474
570 475
570 476
570 1180
570 1181
570 1182
570 1183
570 1184
570 1185
570 1186
570 1187
570 1188
570 1189
570 1190
570 1191
570 1192
571 71
571 72
571 73
571 74
571 75
571 76
571 77
571 78
571 79
571 80
571 81
571 82
571 83
571 463
571 464
571 465
571 466
571 467
571 468
571 469
571 470
571 471
571 472
571 473
571 474
571 475
571 1183
571 1184
571 1185
571 1186
571 1187
571 1188
571 1189
571 1190
571 1191
571 1192
571 1193
571 1194
571 1195
572 67
572 68
572 69
572 70
572 71
572 72
572 73
572 74
572 75
572 76
572 77
572 78
572 79
572 80
572 462
572 463
572 464
572 465
572 466
572 467
572 468
572 469
572 470
572 471
572 472
572 473
572 474
572 1186
572 1187
572 1188
572 1189
572 1190
572 1191
572 1192
572 1193
572 1194
572 1195
572 1196
572 1197
572 1198
573 64
573 65
573 66
573 67
573 68
573 69
573 70
573 71
573 72
573 73
573 74
573 75
573 76
573 461
573 462
573 463
573 464
573 465
573 466
573 467
573 468
573 469
573 470
573 471
573 472
573 473
573 1189
573 1190
573 1191
573 1192
573 1193
573 1194
573 1195
573 1196
573 1197
573 1198
573 1199
573 1200
573 1201
573 1202
574 61
574 62
574 63
574 64
574 65
574 66
574 67
574 68
574 69
574 70
574 71
574 72
574 73
574 460
574 461
574 462
574 463
574 464
574 465
574 466
574 467
574 468
574 469
574 470
574 471
574 472
574 1193
574 1194
574 1195
574 1196
574 1197
574 1198
574 1199
574 1200
574 1201
574 1202
574 1203
574 1204
574 1205
575 57
575 58
575 59
575 60
575 61
575 62
575 63
575 64
575 65
575 66
575 67
575 68
575 69
575 70
575 459
575 460
575 461
575 462
575 463
575 464
575 465
575 466
575 467
575 468
575 469
575 470
575 471
575 1196
575 1197
575 1198
575 1199
575 1200
575 1201
575 1202
575 1203
575 1204
575 1205
575 1206
575 1207
575 1208
576 54
576 55
576 56
576 57
576 58
576 59
576 60
576 61
576 62
576 63
576 64
576 65
576 66
576 458
576 459
576 460
576 461
576 462
576 463
576 464
576 465
576 466
576 467
576 468
576 469
576 470
576 471
576 1199
576 1200
576 1201
576 1202
576 1203
576 1204
576 1205
576 1206
576 1207
576 1208
576 1209
576 1210
576 1211
576 1212
577 50
577 51
577 52
577 53
577 54
577 55
577 56
577 57
577 58
577 59
577 60
577 61
577 62
577 63
577 457
577 458
577 459
577 460
577 461
577 462
577 463
577 464
577 465
577 466
577 467
577 468
577 469
577 470
577 1203
577 1204
577 1205
577 1206
577 1207
577 1208
577 1209
577 1210
577 1211
577 1212
577 1213
577 1214
577 1215
578 47
578 48
578 49
578 50
578 51
578 52
578 53
578 54
578 55
578 56
578 57
578 58
578 59
578 456
578 457
578 458
578 459
578 460
578 461
578 462
578 463
578 464
578 465
578 466
578 467
578 468
578 469
578 1206
578 1207
578 1208
578 1209
578 1210
578 1211
578 1212
578 1213
578 1214
578 1215
578 1216
578 1217
578 1218
579 43
579 44
579 45
579 46
579 47
579 48
579 49
579 50
579 51
579 52
579 53
579 54
579 55
579 56
579 455
579 456
579 457
579 458
579 459
579 460
579 461
579 462
579 463
579 464
579 465
579 466
579 467
579 468
579 1209
579 1210
579 1211
579 1212
579 1213
579 1214
579 1215
579 1216
579 1217
579 1218
579 1219
579 1220
579 1221
579 1222
580 40
580 41
580 42
580 43
580 44
580 45
580 46
580 47
580 48
580 49
580 50
580 51
580 52
580 53
580 454
580 455
580 456
580 457
580 458
580 459
580 460
580 461
580 462
580 463
580 464
580 465
580 466
580 467
580 1212
580 1213
580 1214
580 1215
580 1216
580 1217
580 1218
580 1219
580 1220
580 1221
580 1222
580 1223
580 1224
580 1225
581 37
581 38
581 39
581 40
581 41
581 42
581 43
581 44
581 45
581 46
581 47
581 48
581 49
581 453
581 454
581 455
581 456
581 457
581 458
581 459
581 460
581 461
581 462
581 463
581 464
581 465
581 466
581 1216
581 1217
581 1218
581 1219
581 1220
581 1221
581 1222
581 1223
581 1224
581 1225
581 1226
581 1227
581 1228
582 33
582 34
582 35
582 36
582 37
582 38
582 39
582 40
582 41
582 42
582 43
582 44
582 45
582 46
582 452
582 453
582 454
582 455
582 456
582 457
582 458
582 459
582 460
582 461
582 462
582 463
582 464
582 465
582 1219
582 1220
582 1221
582 1222
582 1223
582 1224
582 1225
582 1226
582 1227
582 1228
582 1229
582 1230
582 1231
582 1232
583 30
583 31
583 32
583 33
583 34
583 35
583 36
583 37
583 38
583 39
583 40
583 41
583 42
583 43
583 451
583 452
583 453
583 454
583 455
583 456
583 457
583 458
583 459
583 460
583 461
583 462
583 463
583 464
583 1222
583 1223
583 1224
583 1225
583 1226
583 1227
583 1228
583 1229
583 1230
583 1231
583 1232
583 1233
583 1234
583 1235
584 26
584 27
584 28
584 29
584 30
584 31
584 32
584 33
584 34
584 35
584 36
584 37
584 38
584 39
584 449
584 450
584 451
584 452
584 453
584 454
584 455
584 456
584 457
584 458
584 459
584 460
584 461
584 462
584 463
584 1225
584 1226
584 1227
584 1228
584 1229
584 1230
584 1231
584 1232
584 1233
584 1234
584 1235
584 1236
584 1237
584 1238
584 1239
585 23
585 24
585 25
585 26
585 27
585 28
585 29
585 30
585 31
585 32
585 33
585 34
585 35
585 36
585 448
585 449
585 450
585 451
585 452
585 453
585 454
585 455
585 456
585 457
585 458
585 459
585 460
585 461
585 462
585 1229
585 1230
585 1231
585 1232
585 1233
585 1234
585 1235
585 1236
585 1237
585 1238
585 1239
585 1240
585 1241
585 1242
586 19
586 20
586 21
586 22
586 23
586 24
586 25
586 26
586 27
586 28
586 29
586 30
586 31
586 32
586 33
586 447
586 448
586 449
586 450
586 451
586 452
586 453
586 454
586 455
586 456
586 457
586 458
586 459
586 460
586 461
586 1232
586 1233
586 1234
586 1235
586 1236
586 1237
586 1238
586 1239
586 1240
586 1241
586 1242
586 1243
586 1244
586 1245
587 16
587 17
587 18
587 19
587 20
587 21
587 22
587 23
587 24
587 25
587 26
587 27
587 28
587 29
587 446
587 447
587 448
587 449
587 450
587 451
587 452
587 453
587 454
587 455
587 456
587 457
587 458
587 459
587 460
587 1235
587 1236
587 1237
587 1238
587 1239
587 1240
587 1241
587 1242
587 1243
587 1244
587 1245
587 1246
587 1247
587 1248
587 1249
588 13
588 14
588 15
588 16
588 17
588 18
588 19
588 20
588 21
588 22
588 23
588 24
588 25
588 26
588 445
588 446
588 447
588 448
588 449
588 450
588 451
588 452
588 453
588 454
588 455
588 456
588 457
588 458
588 459
588 1239
588 1240
588 1241
588 1242
588 1243
588 1244
588 1245
588 1246
588 1247
588 1248
588 1249
588 1250
588 1251
588 1252
589 9
589 10
589 11
589 12
589 13
589 14
589 15
589 16
589 17
589 18
589 19
589 20
589 21
589 22
589 23
589 444
589 445
589 446
589 447
589 448
589 449
589 450
589 451
589 452
589 453
589 454
589 455
589 456
589 457
589 458
589 1242
589 1243
589 1244
589 1245
589 1246
589 1247
589 1248
589 1249
589 1250
589 1251
589 1252
589 1253
589 1254
589 1255
590 6
590 7
590 8
590 9
590 10
590 11
590 12
590 13
590 14
590 15
590 16
590 17
590 18
590 19
590 443
590 444
590 445
590 446
590 447
590 448
590 449
590 450
590 451
590 452
590 453
590 454
590 455
590 456
590 457
590 1245
590 1246
590 1247
590 1248
590 1249
590 1250
590 1251
590 1252
590 1253
590 1254
590 1255
590 1256
590 1257
590 1258
590 1259
591 2
591 3
591 4
591 5
591 6
591 7
591 8
591 9
591 10
591 11
591 12
591 13
591 14
591 15
591 16
591 442
591 443
591 444
591 445
591 446
591 447
591 448
591 449
591 450
591 451
591 452
591 453
591 454
591 455
591 456
591 1248
591 1249
591 1250
591 1251
591 1252
591 1253
591 1254
591 1255
591 1256
591 1257
591 1258
591 1259
591 1260
591 1261
591 1262
592 0
592 1
592 2
592 3
592 4
592 5
592 6
592 7
592 8
592 9
592 10
592 11
592 12
592 13
592 441
592 442
592 443
592 444
592 445
592 446
592 447
592 448
592 449
592 450
592 451
592 452
592 453
592 454
592 455
592 1252
592 1253
592 1254
592 1255
592 1256
592 1257
592 1258
592 1259
592 1260
592 1261
592 1262
592 1263
592 1264
592 1265
593 0
593 1
593 2
593 3
593 4
593 5
593 6
593 7
593 8
593 9
593 440
593 441
593 442
593 443
593 444
593 445
593 446
593 447
593 448
593 449
593 450
593 451
593 452
593 453
593 454
593 1255
593 1256
593 1257
593 1258
593 1259
593 1260
593 1261
593 1262
593 1263
593 1264
593 1265
593 1266
593 1267
593 1268
593 1269
594 0
594 1
594 2
594 3
594 4
594 5
594 6
594 439
594 440
594 441
594 442
594 443
594 444
594 445
594 446
594 447
594 448
594 449
594 450
594 451
594 452
594 453
594 1258
594 1259
594 1260
594 1261
594 1262
594 1263
594 1264
594 1265
594 1266
594 1267
594 1268
594 1269
594 1270
594 1271
594 1272
595 0
595 1
595 2
595 438
595 439
595 440
595 441
595 442
595 443
595 444
595 445
595 446
595 447
595 448
595 449
595 450
595 451
595 452
595 1262
595 1263
595 1264
595 1265
595 1266
595 1267
595 1268
595 1269
595 1270
595 1271
595 1272
595 1273
595 1274
595 1275
596 437
596 438
596 439
596 440
596 441
596 442
596 443
596 444
596 445
596 446
596 447
596 448
596 449
596 450
596 451
596 1265
596 1266
596 1267
596 1268
596 1269
596 1270
596 1271
596 1272
596 1273
596 1274
596 1275
596 1276
596 1277
596 1278
596 1279
597 436
597 437
597 438
597 439
597 440
597 441
597 442
597 443
597 444
597 445
597 446
597 447
597 448
597 449
597 450
597 1268
597 1269
597 1270
597 1271
597 1272
597 1273
597 1274
597 1275
597 1276
597 1277
597 1278
597 1279
598 435
598 436
598 437
598 438
598 439
598 440
598 441
598 442
598 443
598 444
598 445
598 446
598 447
598 448
598 449
598 1271
598 1272
598 1273
598 1274
598 1275
598 1276
598 1277
598 1278
598 1279
599 434
599 435
599 436
599 437
599 438
599 439
599 440
599 441
599 442
599 443
599 444
599 445
599 446
599 447
599 448
599 1275
599 1276
599 1277
599 1278
599 1279
600 432
600 433
600 434
600 435
600 436
600 437
600 438
600 439
600 440
600 441
600 442
600 443
600 444
600 445
600 446
600 447
600 1278
600 1279
601 431
601 432
601 433
601 434
601 435
601 436
601 437
601 438
601 439
601 440
601 441
601 442
601 443
601 444
601 445
601 446
602 430
602 431
602 432
602 433
602 434
602 435
602 436
602 437
602 438
602 439
602 440
602 441
602 442
602 443
602 444
602 445
603 429
603 430
603 431
603 432
603 433
603 434
603 435
603 436
603 437
603 438
603 439
603 440
603 441
603 442
603 443
603 444
604 428
604 429
604 430
604 431
604 432
604 433
604 434
604 435
604 436
604 437
604 438
604 439
604 440
604 441
604 442
604 443
605 427
605 428
605 429
605 430
605 431
605 432
605 433
605 434
605 435
605 436
605 437
605 438
605 439
605 440
605 441
605 442
606 426
606 427
606 428
606 429
606 430
606 431
606 432
606 433
606 434
606 435
606 436
606 437
606 438
606 439
606 440
606 441
607 425
607 426
607 427
607 428
607 429
607 430
607 431
607 432
607 433
607 434
607 435
607 436
607 437
607 438
607 439
607 440
608 424
608 425
608 426
608 427
608 428
608 429
608 430
608 431
608 432
608 433
608 434
608 435
608 436
608 437
608 438
608 439
609 423
609 424
609 425
609 426
609 427
609 428
609 429
609 430
609 431
609 432
609 433
609 434
609 435
609 436
609 437
609 438
610 422
610 423
610 424
610 425
610 426
610 427
610 428
610 429
610 430
610 431
610 432
610 433
610 434
610 435
610 436
610 437
611 421
611 422
611 423
611 424
611 425
611 426
611 427
611 428
611 429
611 430
611 431
611 432
611 433
611 434
611 435
611 436
612 420
612 421
612 422
612 423
612 424
612 425
612 426
612 427
612 428
612 429
612 430
612 431
612 432
612 433
612 434
612 435
613 419
613 420
613 421
613 422
613 423
613 424
613 425
613 426
613 427
613 428
613 429
613 430
613 431
613 432
613 433
613 434
614 418
614 419
614 420
614 421
614 422
614 423
614 424
614 425
614 426
614 427
614 428
614 429
614 430
614 431
614 432
614 433
615 416
615 417
615 418
615 419
615 420
615 421
615 422
615 423
615 424
615 425
615 426
615 427
615 428
615 429
615 430
615 431
615 432
616 415
616 416
616 417
616 418
616 419
616 420
616 421
616 422
616 423
616 424
616 425
616 426
616 427
616 428
616 429
616 430
616 431
617 414
617 415
617 416
617 417
617 418
617 419
617 420
617 421
617 422
617 423
617 424
617 425
617 426
617 427
617 428
617 429
617 430
618 413
618 414
618 415
618 416
618 417
618 418
618 419
618 420
618 421
618 422
618 423
618 424
618 425
618 426
618 427
618 428
618 429
619 412
619 413
619 414
619 415
619 416
619 417
619 418
619 419
619 420
619 421
619 422
619 423
619 424
619 425
619 426
619 427
619 428
620 411
620 412
620 413
620 414
620 415
620 416
620 417
620 418
620 419
620 420
620 421
620 422
620 423
620 424
620 425
620 426
620 427
621 410
621 411
621 412
621 413
621 414
621 415
621 416
621 417
621 418
621 419
621 420
621 421
621 422
621 423
621 424
621 425
621 426
622 409
622 410
622 411
622 412
622 413
622 414
622 415
622 416
622 417
622 418
622 419
622 420
622 421
622 422
622 423
622 424
622 425
623 408
623 409
623 410
623 411
623 412
623 413
623 414
623 415
623 416
623 417
623 418
623 419
623 420
623 421
623 422
623 423
623 424
624 407
624 408
624 409
624 410
624 411
624 412
624 413
624 414
624 415
624 416
624 417
624 418
624 419
624 420
624 421
624 422
624 423
625 406
625 407
625 408
625 409
625 410
625 411
625 412
625 413
625 414
625 415
625 416
625 417
625 418
625 419
625 420
625 421
625 422
626 405
626 406
626 407
626 408
626 409
626 410
626 411
626 412
626 413
626 414
626 415
626 416
626 417
626 418
626 419
626 420
626 421
627 404
627 405
627 406
627 407
627 408
627 409
627 410
627 411
627 412
627 413
627 414
627 415
627 416
627 417
627 418
627 419
627 420
628 403
628 404
628 405
628 406
628 407
628 408
628 409
628 410
628 411
628 412
628 413
628 414
628 415
628 416
628 417
628 418
628 419
629 402
629 403
629 404
629 405
629 406
629 407
629 408
629 409
629 410
629 411
629 412
629 413
629 414
629 415
629 416
629 417
629 418
630 400
630 401
630 402
630 403
630 404
630 405
630 406
630 407
630 408
630 409
630 410
630 411
630 412
630 413
630 414
630 415
630 416
630 417
631 399
631 400
631 401
631 402
631 403
631 404
631 405
631 406
631 407
631 408
631 409
631 410
631 411
631 412
631 413
631 414
631 415
631 416
632 398
632 399
632 400
632 401
632 402
632 403
632 404
632 405
632 406
632 407
632 408
632 409
632 410
632 411
632 412
632 413
632 414
632 415
633 397
633 398
633 399
633 400
633 401
633 402
633 403
633 404
633 405
633 406
633 407
633 408
633 409
633 410
633 411
633 412
633 413
633 414
634 396
634 397
634 398
634 399
634 400
634 401
634 402
634 403
634 404
634 405
634 406
634 407
634 408
634 409
634 410
634 411
634 412
634 413
635 395
635 396
635 397
635 398
635 399
635 400
635 401
635 402
635 403
635 404
635 405
635 406
635 407
635 408
635 409
635 410
635 411
635 412
636 394
636 395
636 396
636 397
636 398
636 399
636 400
636 401
636 402
636 403
636 404
636 405
636 406
636 407
636 408
636 409
636 410
636 411
637 393
637 394
637 395
637 396
637 397
637 398
637 399
637 400
637 401
637 402
637 403
637 404
637 405
637 406
637 407
637 408
637 409
637 410
638 392
638 393
638 394
638 395
638 396
638 397
638 398
638 399
638 400
638 401
638 402
638 403
638 404
638 405
638 406
638 407
638 408
638 409
639 391
639 392
639 393
639 394
639 395
639 396
639 397
639 398
639 399
639 400
639 401
639 402
639 403
639 404
639 405
639 406
639 407
639 408
640 390
640 391
640 392
640 393
640 394
640 395
640 396
640 397
640 398
640 399
640 400
640 401
640 402
640 403
640 404
640 405
640 406
640 407
641 389
641 390
641 391
641 392
641 393
641 394
641 395
641 396
641 397
641 398
641 399
641 400
641 401
641 402
641 403
641 404
641 405
641 406
642 388
642 389
642 390
642 391
642 392
642 393
642 394
642 395
642 396
642 397
642 398
642 399
642 400
642 401
642 402
642 403
642 404
642 405
643 387
643 388
643 389
643 390
643 391
643 392
643 393
643 394
643 395
643 396
643 397
643 398
643 399
643 400
643 401
643 402
643 403
643 404
644 386
644 387
644 388
644 389
644 390
644 391
644 392
644 393
644 394
644 395
644 396
644 397
644 398
644 399
644 400
644 401
644 402
644 403
645 384
645 385
645 386
645 387
645 388
645 389
645 390
645 391
645 392
645 393
645 394
645 395
645 396
645 397
645 398
645 399
645 400
645 401
645 402
646 383
646 384
646 385
646 386
646 387
646 388
646 389
646 390
646 391
646 392
646 393
646 394
646 395
646 396
646 397
646 398
646 399
646 400
646 401
647 382
647 383
647 384
647 385
647 386
647 387
647 388
647 389
647 390
647 391
647 392
647 393
647 394
647 395
647 396
647 397
647 398
647 399
647 400
648 381
648 382
648 383
648 384
648 385
648 386
648 387
648 388
648 389
648 390
648 391
648 392
648 393
648 394
648 395
648 396
648 397
648 398
648 399
649 380
649 381
649 382
649 383
649 384
649 385
649 386
649 387
649 388
649 389
649 390
649 391
649 392
649 393
649 394
649 395
649 396
649 397
649 398
650 379
650 380
650 381
650 382
650 383
650 384
650 385
650 386
650 387
650 388
650 389
650 390
650 391
650 392
650 393
650 394
650 395
650 396
650 397
651 378
651 379
651 380
651 381
651 382
651 383
651 384
651 385
651 386
651 387
651 388
651 389
651 390
651 391
651 392
651 393
651 394
651 395
651 396
652 377
652 378
652 379
652 380
652 381
652 382
652 383
652 384
652 385
652 386
652 387
652 388
652 389
652 390
652 391
652 392
652 393
652 394
652 395
653 376
653 377
653 378
653 379
653 380
653 381
653 382
653 383
653 384
653 385
653 386
653 387
653 388
653 389
653 390
653 391
653 392
653 393
653 394
654 375
654 376
654 377
654 378
654 379
654 380
654 381
654 382
654 383
654 384
654 385
654 386
654 387
654 388
654 389
654 390
654 391
654 392
654 393
654 394
655 374
655 375
655 376
655 377
655 378
655 379
655 380
655 381
655 382
655 383
655 384
655 385
655 386
655 387
655 388
655 389
655 390
655 391
655 392
655 393
656 373
656 374
656 375
656 376
656 377
656 378
656 379
656 380
656 381
656 382
656 383
656 384
656 385
656 386
656 387
656 388
656 389
656 390
656 391
656 392
657 372
657 373
657 374
657 375
657 376
657 377
657 378
657 379
657 380
657 381
657 382
657 383
657 384
657 385
657 386
657 387
657 388
657 389
657 390
657 391
658 371
658 372
658 373
658 374
658 375
658 376
658 377
658 378
658 379
658 380
658 381
658 382
658 383
658 384
658 385
658 386
658 387
658 388
658 389
658 390
659 370
659 371
659 372
659 373
659 374
659 375
659 376
659 377
659 378
659 379
659 380
659 381
659 382
659 383
659 384
659 385
659 386
659 387
659 388
659 389
660 368
660 369
660 370
660 371
660 372
660 373
660 374
660 375
660 376
660 377
660 378
660 379
660 380
660 381
660 382
660 383
660 384
660 385
660 386
660 387
660 388
661 367
661 368
661 369
661 370
661 371
661 372
661 373
661 374
661 375
661 376
661 377
661 378
661 379
661 380
661 381
661 382
661 383
661 384
661 385
661 386
661 387
662 366
662 367
662 368
662 369
662 370
662 371
662 372
662 373
662 374
662 375
662 376
662 377
662 378
662 379
662 380
662 381
662 382
662 383
662 384
662 385
662 386
663 365
663 366
663 367
663 368
663 369
663 370
663 371
663 372
663 373
663 374
663 375
663 376
663 377
663 378
663 379
663 380
663 381
663 382
663 383
663 384
663 385
664 364
664 365
664 366
664 367
664 368
664 369
664 370
664 371
664 372
664 373
664 374
664 375
664 376
664 377
664 378
664 379
664 380
664 381
664 382
664 383
664 384
665 363
665 364
665 365
665 366
665 367
665 368
665 369
665 370
665 371
665 372
665 373
665 374
665 375
665 376
665 377
665 378
665 379
665 380
665 381
665 382
665 383
666 362
666 363
666 364
666 365
666 366
666 367
666 368
666 369
666 370
666 371
666 372
666 373
666 374
666 375
666 376
666 377
666 378
666 379
666 380
666 381
666 382
667 361
667 362
667 363
667 364
667 365
667 366
667 367
667 368
667 369
667 370
667 371
667 372
667 373
667 374
667 375
667 376
667 377
667 378
667 379
667 380
667 381
668 360
668 361
668 362
668 363
668 364
668 365
668 366
668 367
668 368
668 369
668 370
668 371
668 372
668 373
668 374
668 375
668 376
668 377
668 378
668 379
668 380
669 359
669 360
669 361
669 362
669 363
669 364
669 365
669 366
669 367
669 368
669 369
669 370
669 371
669 372
669 373
669 374
669 375
669 376
669 377
669 378
669 379
670 358
670 359
670 360
670 361
670 362
670 363
670 364
670 365
670 366
670 367
670 368
670 369
670 370
670 371
670 372
670 373
670 374
670 375
670 376
670 377
670 378
671 357
671 358
671 359
671 360
671 361
671 362
671 363
671 364
671 365
671 366
671 367
671 368
671 369
671 370
671 371
671 372
671 373
671 374
671 375
671 376
671 377
672 356
672 357
672 358
672 359
672 360
672 361
672 362
672 363
672 364
672 365
672 366
672 367
672 368
672 369
672 370
672 371
672 372
672 373
672 374
672 375
672 376
673 355
673 356
673 357
673 358
673 359
673 360
673 361
673 362
673 363
673 364
673 365
673 366
673 367
673 368
673 369
673 370
673 371
673 372
673 373
673 374
673 375
674 354
674 355
674 356
674 357
674 358
674 359
674 360
674 361
674 362
674 363
674 364
674 365
674 366
674 367
674 368
674 369
674 370
674 371
674 372
674 373
674 374
675 352
675 353
675 354
675 355
675 356
675 357
675 358
675 359
675 360
675 361
675 362
675 363
675 364
675 365
675 366
675 367
675 368
675 369
675 370
675 371
675 372
675 373
676 351
676 352
676 353
676 354
676 355
676 356
676 357
676 358
676 359
676 360
676 361
676 362
676 363
676 364
676 365
676 366
676 367
676 368
676 369
676 370
676 371
676 372
677 350
677 351
677 352
677 353
677 354
677 355
677 356
677 357
677 358
677 359
677 360
677 361
677 362
677 363
677 364
677 365
677 366
677 367
677 368
677 369
677 370
677 371
678 349
678 350
678 351
678 352
678 353
678 354
678 355
678 356
678 357
678 358
678 359
678 360
678 361
678 362
678 363
678 364
678 365
678 366
678 367
678 368
678 369
678 370
679 348
679 349
679 350
679 351
679 352
679 353
679 354
679 355
679 356
679 357
679 358
679 359
679 360
679 361
679 362
679 363
679 364
679 365
679 366
679 367
679 368
679 369
680 347
680 348
680 349
680 350
680 351
680 352
680 353
680 354
680 355
680 356
680 357
680 358
680 359
680 360
680 361
680 362
680 363
680 364
680 365
680 366
680 367
680 368
681 346
681 347
681 348
681 349
681 350
681 351
681 352
681 353
681 354
681 355
681 356
681 357
681 358
681 359
681 360
681 361
681 362
681 363
681 364
681 365
681 366
681 367
682 345
682 346
682 347
682 348
682 349
682 350
682 351
682 352
682 353
682 354
682 355
682 356
682 357
682 358
682 359
682 360
682 361
682 362
682 363
682 364
682 365
682 366
683 344
683 345
683 346
683 347
683 348
683 349
683 350
683 351
683 352
683 353
683 354
683 355
683 356
683 357
683 358
683 359
683 360
683 361
683 362
683 363
683 364
683 365
684 343
684 344
684 345
684 346
684 347
684 348
684 349
684 350
684 351
684 352
684 353
684 354
684 355
684 356
684 357
684 358
684 359
684 360
684 361
684 362
684 363
684 364
685 342
685 343
685 344
685 345
685 346
685 347
685 348
685 349
685 350
685 351
685 352
685 353
685 354
685 355
685 356
685 357
685 358
685 359
685 360
685 361
685 362
685 363
686 341
686 342
686 343
686 344
686 345
686 346
686 347
686 348
686 349
686 350
686 351
686 352
686 353
686 354
686 355
686 356
686 357
686 358
686 359
686 360
686 361
686 362
687 340
687 341
687 342
687 343
687 344
687 345
687 346
687 347
687 348
687 349
687 350
687 351
687 352
687 353
687 354
687 355
687 356
687 357
687 358
687 359
687 360
687 361
688 339
688 340
688 341
688 342
688 343
688 344
688 345
688 346
688 347
688 348
688 349
688 350
688 351
688 352
688 353
688 354
688 355
688 356
688 357
688 358
688 359
688 360
689 338
689 339
689 340
689 341
689 342
689 343
689 344
689 345
689 346
689 347
689 348
689 349
689 350
689 351
689 352
689 353
689 354
689 355
689 356
689 357
689 358
689 359
690 336
690 337
690 338
690 339
690 340
690 341
690 342
690 343
690 344
690 345
690 346
690 347
690 348
690 349
690 350
690 351
690 352
690 353
690 354
690 355
690 356
690 357
690 358
691 335
691 336
691 337
691 338
691 339
691 340
691 341
691 342
691 343
691 344
691 345
691 346
691 347
691 348
691 349
691 350
691 351
691 352
691 353
691 354
691 355
691 356
691 357
692 334
692 335
692 336
692 337
692 338
692 339
692 340
692 341
692 342
692 343
692 344
692 345
692 346
692 347
692 348
692 349
692 350
692 351
692 352
692 353
692 354
692 355
692 356
693 333
693 334
693 335
693 336
693 337
693 338
693 339
693 340
693 341
693 342
693 343
693 344
693 345
693 346
693 347
693 348
693 349
693 350
693 351
693 352
693 353
693 354
693 355
694 332
694 333
694 334
694 335
694 336
694 337
694 338
694 339
694 340
694 341
694 342
694 343
694 344
694 345
694 346
694 347
694 348
694 349
694 350
694 351
694 352
694 353
694 354
695 331
695 332
695 333
695 334
695 335
695 336
695 337
695 338
695 339
695 340
695 341
695 342
695 343
695 344
695 345
695 346
695 347
695 348
695 349
695 350
695 351
695 352
695 353
696 330
696 331
696 332
696 333
696 334
696 335
696 336
696 337
696 338
696 339
696 340
696 341
696 342
696 343
696 344
696 345
696 346
696 347
696 348
696 349
696 350
696 351
696 352
697 329
697 330
697 331
697 332
697 333
697 334
697 335
697 336
697 337
697 338
697 339
697 340
697 341
697 342
697 343
697 344
697 345
697 346
697 347
697 348
697 349
697 350
697 351
698 328
698 329
698 330
698 331
698 332
698 333
698 334
698 335
698 336
698 337
698 338
698 339
698 340
698 341
698 342
698 343
698 344
698 345
698 346
698 347
698 348
698 349
698 350
699 327
699 328
699 329
699 330
699 331
699 332
699 333
699 334
699 335
699 336
699 337
699 338
699 339
699 340
699 341
699 342
699 343
699 344
699 345
699 346
699 347
699 348
699 349
700 326
700 327
700 328
700 329
700 330
700 331
700 332
700 333
700 334
700 335
700 336
700 337
700 338
700 339
700 340
700 341
700 342
700 343
700 344
700 345
700 346
700 347
700 348
701 325
701 326
701 327
701 328
701 329
701 330
701 331
701 332
701 333
701 334
701 335
701 336
701 337
701 338
701 339
701 340
701 341
701 342
701 343
701 344
701 345
701 346
701 347
702 324
702 325
702 326
702 327
702 328
702 329
702 330
702 331
702 332
702 333
702 334
702 335
702 336
702 337
702 338
702 339
702 340
702 341
702 342
702 343
702 344
702 345
702 346
703 323
703 324
703 325
703 326
703 327
703 328
703 329
703 330
703 331
703 332
703 333
703 334
703 335
703 336
703 337
703 338
703 339
703 340
703 341
703 342
703 343
703 344
703 345
704 322
704 323
704 324
704 325
704 326
704 327
704 328
704 329
704 330
704 331
704 332
704 333
704 334
704 335
704 336
704 337
704 338
704 339
704 340
704 341
704 342
704 343
704 344
705 320
705 321
705 322
705 323
705 324
705 325
705 326
705 327
705 328
705 329
705 330
705 331
705 332
705 333
705 334
705 335
705 336
705 337
705 338
705 339
705 340
705 341
705 342
705 343
706 319
706 320
706 321
706 322
706 323
706 324
706 325
706 326
706 327
706 328
706 329
706 330
706 331
706 332
706 333
706 334
706 335
706 336
706 337
706 338
706 339
706 340
706 341
706 342
707 318
707 319
707 320
707 321
707 322
707 323
707 324
707 325
707 326
707 327
707 328
707 329
707 330
707 331
707 332
707 333
707 334
707 335
707 336
707 337
707 338
707 339
707 340
707 341
708 317
708 318
708 319
708 320
708 321
708 322
708 323
708 324
708 325
708 326
708 327
708 328
708 329
708 330
708 331
708 332
708 333
708 334
708 335
708 336
708 337
708 338
708 339
708 340
709 316
709 317
709 318
709 319
709 320
709 321
709 322
709 323
709 324
709 325
709 326
709 327
709 328
709 329
709 330
709 331
709 332
709 333
709 334
709 335
709 336
709 337
709 338
709 339
710 315
710 316
710 317
710 318
710 319
710 320
710 321
710 322
710 323
710 324
710 325
710 326
710 327
710 328
710 329
710 330
710 331
710 332
710 333
710 334
710 335
710 336
710 337
710 338
711 314
711 315
711 316
711 317
711 318
711 319
711 320
711 321
711 322
711 323
711 324
711 325
711 326
711 327
711 328
711 329
711 330
711 331
711 332
711 333
711 334
711 335
711 336
711 337
712 313
712 314
712 315
712 316
712 317
712 318
712 319
712 320
712 321
712 322
712 323
712 324
712 325
712 326
712 327
712 328
712 329
712 330
712 331
712 332
712 333
712 334
712 335
712 336
713 312
713 313
713 314
713 315
713 316
713 317
713 318
713 319
713 320
713 321
713 322
713 323
713 324
713 325
713 326
713 327
713 328
713 329
713 330
713 331
713 332
713 333
713 334
713 335
714 311
714 312
714 313
714 314
714 315
714 316
714 317
714 318
714 319
714 320
714 321
714 322
714 323
714 324
714 325
714 326
714 327
714 328
714 329
714 330
714 331
714 332
714 333
714 334
715 310
715 311
715 312
715 313
715 314
715 315
715 316
715 317
715 318
715 319
715 320
715 321
715 322
715 323
715 324
715 325
715 326
715 327
715 328
715 329
715 330
715 331
715 332
715 333
716 309
716 310
716 311
716 312
716 313
716 314
716 315
716 316
716 317
716 318
716 319
716 320
716 321
716 322
716 323
716 324
716 325
716 326
716 327
716 328
716 329
716 330
716 331
716 332
717 308
717 309
717 310
717 311
717 312
717 313
717 314
717 315
717 316
717 317
717 318
717 319
717 320
717 321
717 322
717 323
717 324
717 325
717 326
717 327
717 328
717 329
717 330
717 331
718 307
718 308
718 309
718 310
718 311
718 312
718 313
718 314
718 315
718 316
718 317
718 318
718 319
718 320
718 321
718 322
718 323
718 324
718 325
718 326
718 327
718 328
718 329
718 330
719 306
719 307
719 308
719 309
719 310
719 311
719 312
719 313
719 314
719 315
719 316
719 317
719 318
719 319
719 320
719 321
719 322
719 323
719 324
719 325
719 326
719 327
719 328
719 329
720 305
720 306
720 307
720 308
720 309
720 310
720 311
720 312
720 313
720 314
720 315
720 316
720 317
720 318
720 319
720 320
720 321
720 322
720 323
720 324
720 325
720 326
720 327
720 328
721 303
721 304
721 305
721 306
721 307
721 308
721 309
721 310
721 311
721 312
721 313
721 314
721 315
721 316
721 317
721 318
721 319
721 320
721 321
721 322
721 323
721 324
721 325
721 326
721 327
722 302
722 303
722 304
722 305
722 306
722 307
722 308
722 309
722 310
722 311
722 312
722 313
722 314
722 315
722 316
722 317
722 318
722 319
722 320
722 321
722 322
722 323
722 324
722 325
722 326
723 301
723 302
723 303
723 304
723 305
723 306
723 307
723 308
723 309
723 310
723 311
723 312
723 313
723 314
723 315
723 316
723 317
723 318
723 319
723 320
723 321
723 322
723 323
723 324
723 325
724 300
724 301
724 302
724 303
724 304
724 305
724 306
724 307
724 308
724 309
724 310
724 311
724 312
724 313
724 314
724 315
724 316
724 317
724 318
724 319
724 320
724 321
724 322
724 323
724 324
725 299
725 300
725 301
725 302
725 303
725 304
725 305
725 306
725 307
725 308
725 309
725 310
725 311
725 312
725 313
725 314
725 315
725 316
725 317
725 318
725 319
725 320
725 321
725 322
725 323
726 298
726 299
726 300
726 301
726 302
726 303
726 304
726 305
726 306
726 307
726 308
726 309
726 310
726 311
726 312
726 313
726 314
726 315
726 316
726 317
726 318
726 319
726 320
726 321
726 322
727 297
727 298
727 299
727 300
727 301
727 302
727 303
727 304
727 305
727 306
727 307
727 308
727 309
727 310
727 311
727 312
727 313
727 314
727 315
727 316
727 317
727 318
727 319
727 320
727 321
728 296
728 297
728 298
728 299
728 300
728 301
728 302
728 303
728 304
728 305
728 306
728 307
728 308
728 309
728 310
728 311
728 312
728 313
728 314
728 315
728 316
728 317
728 318
728 319
728 320
729 295
729 296
729 297
729 298
729 299
729 300
729 301
729 302
729 303
729 304
729 305
729 306
729 307
729 308
729 309
729 310
729 311
729 312
729 313
729 314
729 315
729 316
729 317
729 318
729 319
730 294
730 295
730 296
730 297
730 298
730 299
730 300
730 301
730 302
730 303
730 304
730 305
730 306
730 307
730 308
730 309
730 310
730 311
730 312
730 313
730 314
730 315
730 316
730 317
730 318
731 293
731 294
731 295
731 296
731 297
731 298
731 299
731 300
731 301
731 302
731 303
731 304
731 305
731 306
731 307
731 308
731 309
731 310
731 311
731 312
731 313
731 314
731 315
731 316
731 317
732 292
732 293
732 294
732 295
732 296
732 297
732 298
732 299
732 300
732 301
732 302
732 303
732 304
732 305
732 306
732 307
732 308
732 309
732 310
732 311
732 312
732 313
732 314
732 315
732 316
732 317
733 291
733 292
733 293
733 294
733 295
733 296
733 297
733 298
733 299
733 300
733 301
733 302
733 303
733 304
733 305
733 306
733 307
733 308
733 309
733 310
733 311
733 312
733 313
733 314
733 315
733 316
734 290
734 291
734 292
734 293
734 294
734 295
734 296
734 297
734 298
734 299
734 300
734 301
734 302
734 303
734 304
734 305
734 306
734 307
734 308
734 309
734 310
734 311
734 312
734 313
734 314
734 315
735 289
735 290
735 291
735 292
735 293
735 294
735 295
735 296
735 297
735 298
735 299
735 300
735 301
735 302
735 303
735 304
735 305
735 306
735 307
735 308
735 309
735 310
735 311
735 312
735 313
735 314
736 287
736 288
736 289
736 290
736 291
736 292
736 293
736 294
736 295
736 296
736 297
736 298
736 299
736 300
736 301
736 302
736 303
736 304
736 305
736 306
736 307
736 308
736 309
736 310
736 311
736 312
736 313
737 286
737 287
737 288
737 289
737 290
737 291
737 292
737 293
737 294
737 295
737 296
737 297
737 298
737 299
737 300
737 301
737 302
737 303
737 304
737 305
737 306
737 307
737 308
737 309
737 310
737 311
737 312
738 285
738 286
738 287
738 288
738 289
738 290
738 291
738 292
738 293
738 294
738 295
738 296
738 297
738 298
738 299
738 300
738 301
738 302
738 303
738 304
738 305
738 306
738 307
738 308
738 309
738 310
738 311
739 284
739 285
739 286
739 287
739 288
739 289
739 290
739 291
739 292
739 293
739 294
739 295
739 296
739 297
739 298
739 299
739 300
739 301
739 302
739 303
739 304
739 305
739 306
739 307
739 308
739 309
739 310
740 283
740 284
740 285
740 286
740 287
740 288
740 289
740 290
740 291
740 292
740 293
740 294
740 295
740 296
740 297
740 298
740 299
740 300
740 301
740 302
740 303
740 304
740 305
740 306
740 307
740 308
740 309
741 282
741 283
741 284
741 285
741 286
741 287
741 288
741 289
741 290
741 291
741 292
741 293
741 294
741 295
741 296
741 297
741 298
741 299
741 300
741 301
741 302
741 303
741 304
741 305
741 306
741 307
741 308
742 281
742 282
742 283
742 284
742 285
742 286
742 287
742 288
742 289
742 290
742 291
742 292
742 293
742 294
742 295
742 296
742 297
742 298
742 299
742 300
742 301
742 302
742 303
742 304
742 305
742 306
742 307
743 280
743 281
743 282
743 283
743 284
743 285
743 286
743 287
743 288
743 289
743 290
743 291
743 292
743 293
743 294
743 295
743 296
743 297
743 298
743 299
743 300
743 301
743 302
743 303
743 304
743 305
743 306
744 279
744 280
744 281
744 282
744 283
744 284
744 285
744 286
744 287
744 288
744 289
744 290
744 291
744 292
744 293
744 294
744 295
744 296
744 297
744 298
744 299
744 300
744 301
744 302
744 303
744 304
744 305
745 278
745 279
745 280
745 281
745 282
745 283
745 284
745 285
745 286
745 287
745 288
745 289
745 290
745 291
745 292
745 293
745 294
745 295
745 296
745 297
745 298
745 299
745 300
745 301
745 302
745 303
745 304
746 277
746 278
746 279
746 280
746 281
746 282
746 283
746 284
746 285
746 286
746 287
746 288
746 289
746 290
746 291
746 292
746 293
746 294
746 295
746 296
746 297
746 298
746 299
746 300
746 301
746 302
746 303
747 276
747 277
747 278
747 279
747 280
747 281
747 282
747 283
747 284
747 285
747 286
747 287
747 288
747 289
747 290
747 291
747 292
747 293
747 294
747 295
747 296
747 297
747 298
747 299
747 300
747 301
747 302
748 275
748 276
748 277
748 278
748 279
748 280
748 281
748 282
748 283
748 284
748 285
748 286
748 287
748 288
748 289
748 290
748 291
748 292
748 293
748 294
748 295
748 296
748 297
748 298
748 299
748 300
748 301
749 274
749 275
749 276
749 277
749 278
749 279
749 280
749 281
749 282
749 283
749 284
749 285
749 286
749 287
749 288
749 289
749 290
749 291
749 292
749 293
749 294
749 295
749 296
749 297
749 298
749 299
749 300
750 273
750 274
750 275
750 276
750 277
750 278
750 279
750 280
750 281
750 282
750 283
750 284
750 285
750 286
750 287
750 288
750 289
750 290
750 291
750 292
750 293
750 294
750 295
750 296
750 297
750 298
750 299
751 271
751 272
751 273
751 274
751 275
751 276
751 277
751 278
751 279
751 280
751 281
751 282
751 283
751 284
751 285
751 286
751 287
751 288
751 289
751 290
751 291
751 292
751 293
751 294
751 295
751 296
751 297
751 298
752 270
752 271
752 272
752 273
752 274
752 275
752 276
752 277
752 278
752 279
752 280
752 281
752 282
752 283
752 284
752 285
752 286
752 287
752 288
752 289
752 290
752 291
752 292
752 293
752 294
752 295
752 296
752 297
753 269
753 270
753 271
753 272
753 273
753 274
753 275
753 276
753 277
753 278
753 279
753 280
753 281
753 282
753 283
753 284
753 285
753 286
753 287
753 288
753 289
753 290
753 291
753 292
753 293
753 294
753 295
753 296
754 268
754 269
754 270
754 271
754 272
754 273
754 274
754 275
754 276
754 277
754 278
754 279
754 280
754 281
754 282
754 283
754 284
754 285
754 286
754 287
754 288
754 289
754 290
754 291
754 292
754 293
754 294
754 295
755 267
755 268
755 269
755 270
755 271
755 272
755 273
755 274
755 275
755 276
755 277
755 278
755 279
755 280
755 281
755 282
755 283
755 284
755 285
755 286
755 287
755 288
755 289
755 290
755 291
755 292
755 293
755 294
756 266
756 267
756 268
756 269
756 270
756 271
756 272
756 273
756 274
756 275
756 276
756 277
756 278
756 279
756 280
756 281
756 282
756 283
756 284
756 285
756 286
756 287
756 288
756 289
756 290
756 291
756 292
756 293
757 265
757 266
757 267
757 268
757 269
757 270
757 271
757 272
757 273
757 274
757 275
757 276
757 277
757 278
757 279
757 280
757 281
757 282
757 283
757 284
757 285
757 286
757 287
757 288
757 289
757 290
757 291
757 292
758 264
758 265
758 266
758 267
758 268
758 269
758 270
758 271
758 272
758 273
758 274
758 275
758 276
758 277
758 278
758 279
758 280
758 281
758 282
758 283
758 284
758 285
758 286
758 287
758 288
758 289
758 290
758 291
759 263
759 264
759 265
759 266
759 267
759 268
759 269
759 270
759 271
759 272
759 273
759 274
759 275
759 276
759 277
759 278
759 279
759 280
759 281
759 282
759 283
759 284
759 285
759 286
759 287
759 288
759 289
759 290
760 262
760 263
760 264
760 265
760 266
760 267
760 268
760 269
760 270
760 271
760 272
760 273
760 274
760 275
760 276
760 277
760 278
760 279
760 280
760 281
760 282
760 283
760 284
760 285
760 286
760 287
760 288
760 289
761 261
761 262
761 263
761 264
761 265
761 266
761 267
761 268
761 269
761 270
761 271
761 272
761 273
761 274
761 275
761 276
761 277
761 278
761 279
761 280
761 281
761 282
761 283
761 284
761 285
761 286
761 287
761 288
762 260
762 261
762 262
762 263
762 264
762 265
762 266
762 267
762 268
762 269
762 270
762 271
762 272
762 273
762 274
762 275
762 276
762 277
762 278
762 279
762 280
762 281
762 282
762 283
762 284
762 285
762 286
762 287
763 259
763 260
763 261
763 262
763 263
763 264
763 265
763 266
763 267
763 268
763 269
763 270
763 271
763 272
763 273
763 274
763 275
763 276
763 277
763 278
763 279
763 280
763 281
763 282
763 283
763 284
763 285
763 286
764 258
764 259
764 260
764 261
764 262
764 263
764 264
764 265
764 266
764 267
764 268
764 269
764 270
764 271
764 272
764 273
764 274
764 275
764 276
764 277
764 278
764 279
764 280
764 281
764 282
764 283
764 284
764 285
765 257
765 258
765 259
765 260
765 261
765 262
765 263
765 264
765 265
765 266
765 267
765 268
765 269
765 270
765 271
765 272
765 273
765 274
765 275
765 276
765 277
765 278
765 279
765 280
765 281
765 282
765 283
765 284
766 255
766 256
766 257
766 258
766 259
766 260
766 261
766 262
766 263
766 264
766 265
766 266
766 267
766 268
766 269
766 270
766 271
766 272
766 273
766 274
766 275
766 276
766 277
766 278
766 279
766 280
766 281
766 282
766 283
767 254
767 255
767 256
767 257
767 258
767 259
767 260
767 261
767 262
767 263
767 264
767 265
767 266
767 267
767 268
767 269
767 270
767 271
767 272
767 273
767 274
767 275
767 276
767 277
767 278
767 279
767 280
767 281
767 282
768 253
768 254
768 255
768 256
768 257
768 258
768 259
768 260
768 261
768 262
768 263
768 264
768 265
768 266
768 267
768 268
768 269
768 270
768 271
768 272
768 273
768 274
768 275
768 276
768 277
768 278
768 279
768 280
768 281
769 252
769 253
769 254
769 255
769 256
769 257
769 258
769 259
769 260
769 261
769 262
769 263
769 264
769 265
769 266
769 267
769 268
769 269
769 270
769 271
769 272
769 273
769 274
769 275
769 276
769 277
769 278
769 279
769 280
770 251
770 252
770 253
770 254
770 255
770 256
770 257
770 258
770 259
770 260
770 261
770 262
770 263
770 264
770 265
770 266
770 267
770 268
770 269
770 270
770 271
770 272
770 273
770 274
770 275
770 276
770 277
770 278
770 279
771 250
771 251
771 252
771 253
771 254
771 255
771 256
771 257
771 258
771 259
771 260
771 261
771 262
771 263
771 264
771 265
771 266
771 267
771 268
771 269
771 270
771 271
771 272
771 273
771 274
771 275
771 276
771 277
771 278
772 249
772 250
772 251
772 252
772 253
772 254
772 255
772 256
772 257
772 258
772 259
772 260
772 261
772 262
772 263
772 264
772 265
772 266
772 267
772 268
772 269
772 270
772 271
772 272
772 273
772 274
772 275
772 276
772 277
773 248
773 249
773 250
773 251
773 252
773 253
773 254
773 255
773 256
773 257
773 258
773 259
773 260
773 261
773 262
773 263
773 264
773 265
773 266
773 267
773 268
773 269
773 270
773 271
773 272
773 273
773 274
773 275
773 276
774 247
774 248
774 249
774 250
774 251
774 252
774 253
774 254
774 255
774 256
774 257
774 258
774 259
774 260
774 261
774 262
774 263
774 264
774 265
774 266
774 267
774 268
774 269
774 270
774 271
774 272
774 273
774 274
774 275
775 246
775 247
775 248
775 249
775 250
775 251
775 252
775 253
775 254
775 255
775 256
775 257
775 258
775 259
775 260
775 261
775 262
775 263
775 264
775 265
775 266
775 267
775 268
775 269
775 270
775 271
775 272
775 273
775 274
776 245
776 246
776 247
776 248
776 249
776 250
776 251
776 252
776 253
776 254
776 255
776 256
776 257
776 258
776 259
776 260
776 261
776 262
776 263
776 264
776 265
776 266
776 267
776 268
776 269
776 270
776 271
776 272
776 273
777 244
777 245
777 246
777 247
777 248
777 249
777 250
777 251
777 252
777 253
777 254
777 255
777 256
777 257
777 258
777 259
777 260
777 261
777 262
777 263
777 264
777 265
777 266
777 267
777 268
777 269
777 270
777 271
777 272
778 243
778 244
778 245
778 246
778 247
778 248
778 249
778 250
778 251
778 252
778 253
778 254
778 255
778 256
778 257
778 258
778 259
778 260
778 261
778 262
778 263
778 264
778 265
778 266
778 267
778 268
778 269
778 270
778 271
779 242
779 243
779 244
779 245
779 246
779 247
779 248
779 249
779 250
779 251
779 252
779 253
779 254
779 255
779 256
779 257
779 258
779 259
779 260
779 261
779 262
779 263
779 264
779 265
779 266
779 267
779 268
779 269
779 270
780 241
780 242
780 243
780 244
780 245
780 246
780 247
780 248
780 249
780 250
780 251
780 252
780 253
780 254
780 255
780 256
780 257
780 258
780 259
780 260
780 261
780 262
780 263
780 264
780 265
780 266
780 267
780 268
780 269
781 239
781 240
781 241
781 242
781 243
781 244
781 245
781 246
781 247
781 248
781 249
781 250
781 251
781 252
781 253
781 254
781 255
781 256
781 257
781 258
781 259
781 260
781 261
781 262
781 263
781 264
781 265
781 266
781 267
781 268
782 238
782 239
782 240
782 241
782 242
782 243
782 244
782 245
782 246
782 247
782 248
782 249
782 250
782 251
782 252
782 253
782 254
782 255
782 256
782 257
782 258
782 259
782 260
782 261
782 262
782 263
782 264
782 265
782 266
782 267
783 237
783 238
783 239
783 240
783 241
783 242
783 243
783 244
783 245
783 246
783 247
783 248
783 249
783 250
783 251
783 252
783 253
783 254
783 255
783 256
783 257
783 258
783 259
783 260
783 261
783 262
783 263
783 264
783 265
783 266
784 236
784 237
784 238
784 239
784 240
784 241
784 242
784 243
784 244
784 245
784 246
784 247
784 248
784 249
784 250
784 251
784 252
784 253
784 254
784 255
784 256
784 257
784 258
784 259
784 260
784 261
784 262
784 263
784 264
784 265
785 235
785 236
785 237
785 238
785 239
785 240
785 241
785 242
785 243
785 244
785 245
785 246
785 247
785 248
785 249
785 250
785 251
785 252
785 253
785 254
785 255
785 256
785 257
785 258
785 259
785 260
785 261
785 262
785 263
785 264
786 234
786 235
786 236
786 237
786 238
786 239
786 240
786 241
786 242
786 243
786 244
786 245
786 246
786 247
786 248
786 249
786 250
786 251
786 252
786 253
786 254
786 255
786 256
786 257
786 258
786 259
786 260
786 261
786 262
786 263
787 233
787 234
787 235
787 236
787 237
787 238
787 239
787 240
787 241
787 242
787 243
787 244
787 245
787 246
787 247
787 248
787 249
787 250
787 251
787 252
787 253
787 254
787 255
787 256
787 257
787 258
787 259
787 260
787 261
787 262
788 232
788 233
788 234
788 235
788 236
788 237
788 238
788 239
788 240
788 241
788 242
788 243
788 244
788 245
788 246
788 247
788 248
788 249
788 250
788 251
788 252
788 253
788 254
788 255
788 256
788 257
788 258
788 259
788 260
788 261
789 231
789 232
789 233
789 234
789 235
789 236
789 237
789 238
789 239
789 240
789 241
789 242
789 243
789 244
789 245
789 246
789 247
789 248
789 249
789 250
789 251
789 252
789 253
789 254
789 255
789 256
789 257
789 258
789 259
789 260
790 230
790 231
790 232
790 233
790 234
790 235
790 236
790 237
790 238
790 239
790 240
790 241
790 242
790 243
790 244
790 245
790 246
790 247
790 248
790 249
790 250
790 251
790 252
790 253
790 254
790 255
790 256
790 257
790 258
790 259
791 229
791 230
791 231
791 232
791 233
791 234
791 235
791 236
791 237
791 238
791 239
791 240
791 241
791 242
791 243
791 244
791 245
791 246
791 247
791 248
791 249
791 250
791 251
791 252
791 253
791 254
791 255
791 256
791 257
791 258
792 228
792 229
792 230
792 231
792 232
792 233
792 234
792 235
792 236
792 237
792 238
792 239
792 240
792 241
792 242
792 243
792 244
792 245
792 246
792 247
792 248
792 249
792 250
792 251
792 252
792 253
792 254
792 255
792 256
792 257
793 227
793 228
793 229
793 230
793 231
793 232
793 233
793 234
793 235
793 236
793 237
793 238
793 239
793 240
793 241
793 242
793 243
793 244
793 245
793 246
793 247
793 248
793 249
793 250
793 251
793 252
793 253
793 254
793 255
793 256
794 226
794 227
794 228
794 229
794 230
794 231
794 232
794 233
794 234
794 235
794 236
794 237
794 238
794 239
794 240
794 241
794 242
794 243
794 244
794 245
794 246
794 247
794 248
794 249
794 250
794 251
794 252
794 253
794 254
794 255
795 225
795 226
795 227
795 228
795 229
795 230
795 231
795 232
795 233
795 234
795 235
795 236
795 237
795 238
795 239
795 240
795 241
795 242
795 243
795 244
795 245
795 246
795 247
795 248
795 249
795 250
795 251
795 252
795 253
795 254
796 223
796 224
796 225
796 226
796 227
796 228
796 229
796 230
796 231
796 232
796 233
796 234
796 235
796 236
796 237
796 238
796 239
796 240
796 241
796 242
796 243
796 244
796 245
796 246
796 247
796 248
796 249
796 250
796 251
796 252
796 253
797 222
797 223
797 224
797 225
797 226
797 227
797 228
797 229
797 230
797 231
797 232
797 233
797 234
797 235
797 236
797 237
797 238
797 239
797 240
797 241
797 242
797 243
797 244
797 245
797 246
797 247
797 248
797 249
797 250
797 251
797 252
798 221
798 222
798 223
798 224
798 225
798 226
798 227
798 228
798 229
798 230
798 231
798 232
798 233
798 234
798 235
798 236
798 237
798 238
798 239
798 240
798 241
798 242
798 243
798 244
798 245
798 246
798 247
798 248
798 249
798 250
798 251
799 220
799 221
799 222
799 223
799 224
799 225
799 226
799 227
799 228
799 229
799 230
799 231
799 232
799 233
799 234
799 235
799 236
799 237
799 238
799 239
799 240
799 241
799 242
799 243
799 244
799 245
799 246
799 247
799 248
799 249
799 250
